15.594858
10.618642
9.215806
4.729116
4.785833
1.915209
4.143505
6.312596
7.942068
20.747614
22.399244
3.868808
3.881491
3.887065
1.104751
3.909146
4.799414
2.469791
35.6516
4.201056
5.920465
2.407295
25.617264
12.610936
7.251225
9.579865
1.282543
8.67222
4.73296
5.0042
17.416498
22.978333
10.369855
10.335824
10.75356
10.57105
10.383852
10.700011
48.918064
9.711347
19.445751
20.085024
19.369383
55.227879
8.979971
47.099689
49.652412
49.651402
18.380293
8.178451
53.912853
11.564836
12.716146
6.573732
8.849471
6.54431
8.265697
20.394209
39.825813
59.930264
65.892632
19.704208
19.530411
24.904755
19.448965
18.355288
14.806688
2.349898
16.603174
11.731559
35.134254
35.165081
35.176537
35.280128
16.584553
16.732676
6.52092
7.638205
2.528718
34.704082
4.585203
22.757534
5.041159
17.347935
17.30864
17.316021
33.548748
30.304546
7.843757
5.638342
4.645062
2.920564
5.837095
5.882822
5.211783
5.78111
5.837156
5.87921
33.319283
2.661914
4.466163
64.307594
16.112638
5.564482
15.495543
5.18563
1.425274
21.949932
21.447327
26.745638
7.491366
37.854038
9.996147
31.061729
33.340187
25.466208
21.434437
4.555484
26.324244
4.542298
22.905313
12.528634
22.501232
22.519762
68.637909
14.459375
2.674966
4.893322
2.818444
23.509888
9.984238
28.445854
14.223737
22.567429
22.536451
27.626356
28.511992
22.802744
10.086101
25.920282
33.414379
28.889057
21.996601
24.726896
33.784637
17.240274
17.241434
10.828462
10.628838
17.320024
10.723772
17.165955
5.311679
67.763885
33.781487
26.942415
71.324219
36.400257
22.86363
10.702714
10.690782
10.632232
46.198673
22.082039
76.971939
36.259304
21.964106
1.020729
27.601391
17.398495
11.071549
68.21933
71.483582
69.007362
38.628586
11.286325
23.227158
12.282664
23.220463
19.277021
26.933006
29.615885
8.132782
8.116385
23.896435
23.65102
72.344803
80.306816
71.171265
5.071249
5.080305
32.453484
19.194487
22.034241
22.0144
87.377907
23.331551
80.0336
32.896698
32.791954
32.796139
78.851181
2.477076
32.527122
32.492477
33.454746
13.574063
85.424927
51.586964
85.822639
5.819878
32.840038
78.651878
86.145752
86.243263
85.506042
86.209915
7.59259
86.008095
21.892424
63.615093
15.068967
84.202721
80.04068
8.463835
20.729761
7.136599
15.906118
15.925172
58.769123
21.025145
79.685303
19.076942
79.222687
82.517563
75.871101
20.82485
20.965542
20.965523
18.987396
9.992476
29.259281
20.856899
22.056889
29.271862
17.611923
10.358475
79.202225
19.256685
29.111172
17.528328
17.54557
6.664499
11.745731
20.712976
84.490036
58.318096
23.199911
30.234692
30.255098
2.687289
20.850939
73.5261
17.990522
18.015636
21.618044
6.087237
28.448874
29.414169
24.369268
21.07353
74.711609
73.409149
73.447441
73.442352
21.981138
21.784559
21.911652
32.425575
62.564293
30.56385
81.842789
20.737913
81.733673
17.210154
31.122923
17.223482
30.782124
25.884657
10.393483
51.076752
2.060296
30.588457
30.596413
31.519978
78.812492
6.504023
4.610609
4.580725
76.814522
50.909473
29.252542
81.319946
28.657406
4.736801
15.884766
33.110222
30.935928
15.900705
71.859856
13.383199
76.852638
47.353256
7.381285
34.148403
21.486225
29.597668
87.290665
4.654977
70.826241
70.826027
76.833595
42.642509
61.98671
30.939388
4.806319
21.69939
69.795837
43.312847
75.37722
75.394249
75.428383
44.55563
75.543976
30.153755
63.907944
72.397766
79.660248
74.332024
43.886734
18.715937
63.521011
71.502769
31.935234
28.146334
19.444363
32.251213
19.844751
4.022351
64.501747
71.28775
4.323692
4.642514
7.376161
7.379182
34.053802
65.152641
32.430252
1.433368
20.632521
36.59214
67.678276
79.727768
34.75502
21.710091
81.97155
43.594776
43.616947
65.185318
31.05237
33.831089
28.234142
34.285469
79.572319
33.665154
29.349945
79.630707
69.41069
34.272068
3.606246
34.041256
33.062866
33.063721
33.053791
38.86404
31.26841
20.226263
69.284065
33.177032
50.505955
39.871304
39.945461
32.656052
30.00209
30.037243
35.154922
30.172972
29.925014
29.871361
31.86389
30.251009
39.837975
39.821686
40.10817
31.270298
31.138525
39.385483
34.455853
19.863483
22.465113
19.686188
35.995586
19.669271
32.298397
28.011518
61.407021
67.606216
38.036022
46.157948
14.106805
65.265503
60.570248
66.61071
66.616119
16.735563
39.086323
3.025098
22.49262
18.458536
79.711189
59.443565
37.063698
29.317583
79.789398
6.038028
30.173103
24.400755
31.083748
8.535872
57.676487
66.69207
8.606681
7.838432
6.92219
64.233482
64.22403
66.700775
43.482113
7.661735
16.534542
35.830269
9.158642
6.890017
31.027296
31.634125
8.374905
2.830779
36.16087
30.456144
65.376411
50.01688
32.808071
65.920586
32.822525
37.325603
19.220163
32.731785
32.909355
32.88501
30.308403
35.984371
12.087944
15.449145
26.39587
50.358055
47.202705
47.188862
50.998497
51.185238
44.154549
5.330263
65.949677
65.126762
18.493868
3.696031
47.015388
65.885788
51.313408
30.425905
30.454853
36.315491
65.894997
30.508097
66.080803
36.611446
33.204147
30.540361
45.085056
66.032677
64.496788
30.705154
30.532078
37.600792
20.702183
34.011765
33.844929
14.635776
11.037994
30.642229
65.595207
65.63768
66.295586
20.76087
65.143112
52.209679
31.309649
11.455666
29.415661
2.213884
2.194039
47.150696
4.086134
2.186685
33.899136
37.415451
33.460136
3.903308
46.158855
33.818542
31.665703
13.171954
15.575533
33.858322
13.18077
34.113052
30.988092
33.569447
31.059872
83.939545
33.969345
34.17482
34.006367
37.83593
37.875355
8.132688
12.977004
28.480284
13.032288
12.905876
30.400599
12.942151
13.013124
62.149586
65.013863
30.56653
64.963776
19.233217
60.040382
30.077623
3.881686
20.532286
35.412956
34.442738
5.156051
27.64444
33.257339
39.353912
37.500423
39.888123
13.446857
36.248619
39.210255
39.512077
34.310913
20.906616
39.670124
29.368429
39.650414
39.692471
39.021851
81.629593
16.088692
30.108864
18.436523
39.817307
30.129425
21.643915
18.828318
81.805527
75.307899
75.217682
31.386959
61.20092
32.031544
68.40741
25.418282
27.881958
63.565556
36.518173
60.373562
30.420383
6.137249
62.364269
66.750793
1.527827
63.985001
45.587948
19.298904
28.770903
28.778913
35.455276
83.4748
63.55167
19.305883
21.794748
19.833115
73.972145
8.561544
16.715382
9.651989
9.668891
44.408806
66.56559
5.896555
2.051337
19.058315
30.364096
10.996681
21.674648
12.925394
56.39233
29.822311
33.804741
75.347275
1.903639
63.894558
47.053757
67.455132
34.643703
10.629985
48.028793
5.547007
3.375562
35.337708
31.8675
65.196686
63.838688
12.181356
48.517651
19.694204
19.650543
2.273431
2.006136
22.209055
5.489204
63.249535
56.813282
82.770782
63.184193
7.082025
8.15494
60.718777
5.041988
57.737183
29.618137
54.106846
12.251952
82.995728
15.794247
63.362038
63.28437
33.55843
42.967022
63.236122
83.272209
54.424164
36.655872
55.114819
54.200031
2.492997
63.026749
7.762206
13.748901
29.424498
29.462149
23.908491
23.687366
21.235422
39.066811
27.246527
29.895782
27.771955
27.897854
27.004257
9.935649
9.942468
3.772375
25.169212
29.896317
33.073193
16.839348
32.587875
16.846748
14.001014
24.302774
24.287546
24.361212
0.508293
16.697447
25.578535
24.405546
24.75808
24.594194
0.517674
24.344221
22.55986
2.327263
24.469173
30.081194
65.872643
28.243614
26.772221
11.163606
3.224785
24.258047
3.607766
24.257256
29.881056
25.12549
26.263716
25.396713
34.898296
29.104343
73.416779
38.91687
22.894829
17.943991
14.336894
29.181355
17.901922
29.175566
23.764175
29.161371
29.168596
29.003319
29.602583
82.731354
10.504998
62.142258
62.154957
34.49847
62.147255
32.633018
6.624146
52.181881
25.637896
25.621319
32.584526
34.405899
35.300228
32.978554
39.749958
79.162346
29.998381
38.899368
34.572639
61.304642
51.743134
35.760799
35.764854
48.528248
48.527988
29.876743
29.880709
43.341434
40.279919
34.099319
9.606739
33.283649
5.794651
64.028008
64.88797
64.874901
64.874794
9.972245
55.659805
3.01438
53.256569
29.364235
33.792648
33.75312
33.877193
16.36689
13.516792
80.291199
63.6115
9.434162
36.321239
35.367249
74.118073
24.353861
37.832233
68.279144
74.008453
62.951687
5.126255
12.069308
61.473907
64.114746
63.341034
9.268492
53.733345
30.077869
62.106144
53.056442
61.980843
65.489517
61.745899
62.308876
61.909744
61.81871
61.799458
61.851036
63.485676
66.327408
61.820049
61.808388
62.072037
63.14349
63.147419
1.73741
33.968258
54.857235
30.515669
25.235828
55.479252
30.553411
30.576523
30.260605
31.406042
32.131458
61.900852
32.221672
30.416044
62.762764
39.813557
39.849689
62.634708
28.731022
37.423946
0.740323
60.341022
42.575848
33.227104
28.48085
11.655204
42.575489
30.017763
13.20942
9.253949
13.903493
8.358889
66.711632
13.584789
13.569053
13.634889
13.599241
17.754684
8.945396
34.194656
13.74963
17.714071
17.745701
13.793458
32.833534
67.526138
0.395812
32.828671
32.791302
32.8382
31.956869
31.961746
0.365306
40.096443
13.593518
62.519955
53.3302
67.358749
63.463924
62.061958
11.737555
43.003593
67.612648
62.093319
58.620934
25.14221
67.728828
31.898186
35.358215
62.212074
28.622824
47.769226
57.78278
57.716812
31.512901
31.517658
0.724467
29.445618
27.725323
27.719183
0.690329
4.333978
24.919172
67.559204
30.750917
27.284996
27.453039
8.55326
32.714085
27.298994
60.532173
25.008713
24.007845
29.565439
61.434036
56.544823
12.685282
8.660073
56.674511
29.983398
7.441458
34.424484
37.197212
41.316246
62.323223
21.35677
14.54171
34.43478
55.637527
62.13271
29.261189
29.275108
14.327802
14.443601
49.645897
78.440491
25.055178
8.677777
33.626633
29.266003
62.164413
57.413155
29.188465
28.74308
29.217318
29.234543
44.128078
26.381733
29.173876
55.631611
29.195103
1.643409
58.82579
29.198908
29.006187
24.606573
1.654146
39.702038
8.054746
39.532551
24.656784
14.142292
39.519054
37.862644
14.296649
7.925506
58.366192
58.352947
65.961365
28.37089
33.151855
53.877995
24.602768
57.743378
12.790827
33.722301
30.021959
32.845772
7.725285
8.171698
28.182619
8.704021
8.76185
32.750149
32.684818
45.317722
45.303734
13.896398
13.882327
2.679853
56.176933
32.432468
0.232419
82.984467
59.198414
7.449263
11.313775
1.968169
1.852217
1.84707
53.891048
53.922001
12.125559
48.647923
29.369699
28.942005
40.195679
37.368656
37.371807
50.655674
22.999819
63.108719
57.332474
44.454983
24.726789
11.366059
33.540813
78.101814
55.49308
11.241214
21.708176
15.36634
62.507248
53.007919
21.888737
1.377514
7.484284
15.413238
15.476983
15.434958
4.700417
25.707008
39.962044
50.374866
50.378136
63.324783
40.104763
71.412285
1.597692
10.788132
41.213146
76.249268
48.267197
10.074659
8.115722
57.198849
10.2995
25.533274
9.846538
57.179382
40.258274
39.066879
57.38269
52.072704
52.02272
9.921152
8.191985
4.652358
9.678157
39.98785
47.842953
63.52071
57.560066
57.167484
63.520329
54.285664
4.873276
55.188236
4.186865
21.759405
9.066593
16.709122
37.620617
60.622032
9.282353
56.608578
8.245499
72.975266
60.148548
5.067115
9.712098
16.646313
0.449521
59.266933
8.202642
11.865222
11.920711
21.829794
32.152355
6.853524
72.933838
6.507929
7.526463
57.136539
12.405015
27.306078
58.525219
9.08904
27.021223
7.957188
32.425945
15.946802
29.673639
32.41806
9.473289
23.414261
7.948677
57.362804
8.621853
8.616106
76.649178
57.308979
29.753689
42.442764
50.8354
15.883653
5.576083
57.454025
57.861858
9.842244
57.471001
11.98593
15.883406
57.382786
11.753522
59.846432
64.355461
15.985249
28.990078
15.740153
40.916992
18.740191
9.015273
15.716047
17.448648
59.837875
6.647017
75.531876
75.568779
50.120037
57.342873
64.595795
75.645309
75.63546
49.508583
4.689522
17.227068
7.958328
9.855447
29.990891
29.989967
50.089806
24.397779
30.98031
4.847614
82.698608
77.083321
24.815191
14.768501
26.390669
76.07235
4.091753
41.172752
33.440056
42.604767
77.308235
48.726086
16.09516
77.218292
63.698215
57.447414
16.074789
42.700157
29.909306
57.433228
8.234023
4.146315
4.191035
7.563463
4.158954
41.178185
84.690941
7.229539
7.228135
78.902054
65.65107
79.297714
16.316536
4.276093
9.86713
38.893497
31.664122
14.637864
41.255062
79.64595
47.931637
48.756744
33.932274
79.308151
76.213181
48.730953
66.474442
57.962563
47.87915
8.165857
32.031975
6.729186
57.906498
63.579002
27.334637
65.844131
48.674339
4.3472
30.150269
33.999298
47.377567
38.773266
7.041868
40.28931
63.768482
4.645303
5.188278
65.884293
12.947245
47.355221
9.527716
77.862938
63.97644
6.801348
43.118771
43.117271
47.525326
47.506096
47.527893
44.539314
47.459904
3.116614
71.839394
47.650066
7.290649
38.026669
78.751465
77.964287
6.203454
47.442936
34.491703
47.241982
38.778214
16.607904
72.038139
14.153849
39.401318
64.333183
5.244351
84.576889
47.743328
17.13818
3.220689
38.765373
3.203772
41.361832
5.8767
7.388646
14.993001
30.646593
1.706245
7.375792
30.740339
16.083178
63.862782
1.771958
38.640018
2.235499
28.263126
38.17342
51.250214
64.280861
7.887047
5.667449
47.397747
47.391983
47.096352
46.612442
2.252809
10.90435
7.884732
7.866228
6.384462
60.615391
48.23074
40.622051
81.004532
35.094189
48.589024
7.534434
11.076366
31.644808
3.705186
26.518604
48.008705
78.191071
59.639462
66.63723
11.37264
0.527732
37.310249
78.877739
59.517426
6.446865
17.675119
3.905005
3.267859
78.242043
57.066387
15.108457
41.767796
41.760254
16.090603
58.119308
4.313063
2.943049
28.105253
0.58077
66.81855
31.34091
0.524238
0.527224
32.532131
65.311333
48.488853
77.7593
77.757339
13.09608
32.360703
78.282059
65.340042
31.925182
8.702299
13.056847
78.363861
66.588966
13.479295
78.618011
58.391109
79.403465
78.567467
78.586632
78.574577
4.689526
68.3703
40.127777
40.115974
40.007362
71.55349
7.60682
7.635447
57.057549
81.584473
57.029835
5.611507
6.022728
78.326317
29.904438
31.689354
13.357697
16.349855
3.309889
3.309508
32.442268
3.330149
78.729912
40.18956
8.786455
42.159492
21.538971
8.905575
8.860212
21.524298
31.728441
77.962364
13.197802
13.882397
39.093559
39.104019
32.183788
31.894951
60.24395
60.246037
32.067963
32.056591
47.176979
32.064068
77.05764
48.360641
37.269833
13.782098
13.771857
74.360184
74.309052
9.373578
4.82462
48.276756
35.034
34.13488
57.664566
7.182679
57.674637
81.103546
5.629745
12.147374
81.008736
61.883709
32.912754
7.158486
57.709991
20.94318
16.097593
17.595755
31.966503
79.702103
70.86261
76.61586
31.550858
6.724259
32.280125
63.136986
63.11702
35.914352
5.69685
24.83527
24.498297
23.946749
32.233616
4.771884
79.621124
63.777538
13.925592
43.190598
39.414055
6.494801
48.637287
3.139924
32.432098
35.384384
32.342846
32.36116
79.990227
64.833504
10.060437
24.609268
25.722376
32.233788
4.857006
15.130189
68.552628
8.722231
58.14592
4.344487
6.47331
6.512597
32.29567
27.457216
18.896696
81.128143
80.327271
6.348126
19.608236
80.376305
31.531876
58.035507
37.960407
37.193863
68.756279
68.711784
79.199783
28.326498
79.181213
65.249321
4.873758
32.498398
48.62825
54.090263
3.307175
63.902187
30.772453
39.694782
12.187568
59.465881
4.400146
12.792534
12.838132
57.881977
12.171599
78.748352
16.80678
12.235085
42.306419
62.883915
63.992641
17.184113
15.292161
2.784345
44.048702
54.044598
80.741821
6.4144
27.211962
77.418579
40.824898
80.827477
80.936676
80.278458
5.956451
78.285995
35.105579
44.752613
15.208404
64.193275
65.621941
78.33754
40.897839
38.710411
32.39711
14.665397
40.885098
35.455139
4.862394
12.021131
32.956535
80.324417
5.220899
79.135529
70.731407
44.560329
34.224163
5.121924
12.038623
36.448078
5.050694
38.84869
7.588891
14.099304
33.510448
21.82448
36.094749
40.286873
10.348072
11.145282
10.261938
41.809311
39.221409
41.771137
33.242844
80.167236
34.599415
33.656918
34.614082
80.669495
33.619656
38.704147
0.488107
2.83
27.917379
35.359112
31.970692
40.527931
33.556419
29.088856
55.693932
59.061592
15.772484
40.573677
7.213554
10.658615
5.550796
28.041731
28.039558
18.890661
40.849815
2.328596
42.621906
38.277203
34.312988
65.963844
33.811977
49.361706
12.791074
13.288382
49.283978
40.789513
40.840668
16.444086
80.092636
4.153086
58.79491
13.035349
16.728685
5.889153
58.564449
18.913509
31.937075
80.663368
2.501567
18.186434
50.509651
8.683744
11.809729
36.633446
16.042673
2.590664
58.024364
16.528879
19.043694
13.149397
41.596928
75.489143
61.581844
58.661057
38.942245
19.210194
32.152977
77.127243
5.459342
18.894339
46.000603
46.005146
78.315521
58.593777
59.187969
11.251295
79.427422
5.525432
4.779074
34.745316
79.426201
50.175636
37.829296
59.212616
42.931011
32.309849
32.337334
25.29174
37.58292
59.493008
37.674049
19.403322
35.300018
59.500172
29.219448
76.835564
34.661621
77.094162
19.866144
35.646725
5.133695
49.619938
35.197563
35.658302
37.310902
78.820129
18.134012
11.250548
18.193592
32.612698
33.459442
33.46278
5.587839
5.590399
16.095514
59.789951
56.765137
10.838212
10.88128
56.083794
32.409042
10.855381
10.900744
54.865017
76.040337
76.236847
36.866306
72.764046
24.518251
10.827804
11.779009
10.699124
2.074315
10.141041
76.762398
80.463196
76.290871
41.85606
10.989459
2.164205
15.724276
43.713978
4.614364
31.753958
13.756118
32.848755
36.451431
10.000141
59.100601
36.469437
64.84726
36.427315
78.288116
78.976166
26.217369
35.830231
75.974541
76.666679
75.545036
58.265095
5.156708
5.281364
5.033313
21.471746
56.288143
72.833549
59.184155
13.47456
15.340562
15.342795
77.839737
49.998566
6.370325
38.842548
37.847282
11.484453
32.380386
78.059792
58.162716
58.294605
8.155439
43.353077
58.209408
58.236752
58.239429
58.191875
77.464455
75.758904
77.196106
18.119497
32.265247
76.500839
77.390198
78.389015
58.452057
10.778669
14.142073
14.698563
32.347294
58.075932
12.19786
4.101678
14.690875
72.524185
44.327705
36.491577
14.686173
58.284107
49.935352
8.590564
14.57662
32.365284
60.071541
5.402878
33.825363
32.408791
32.130859
40.227737
33.042374
35.741669
35.752808
14.17925
5.396513
77.141525
77.456047
49.901371
5.573712
77.300018
60.844921
49.630238
53.960011
33.663651
39.316471
76.822823
5.574241
33.679752
49.816788
4.152406
35.057903
38.406837
77.795456
49.038525
22.433992
22.437557
22.434116
39.930889
63.76265
57.783749
64.6362
5.751125
44.176323
16.528454
77.488914
77.199753
77.543129
10.705559
38.110905
77.160194
77.288132
75.977516
50.043926
34.741489
13.065793
77.409477
77.870674
76.587761
29.809704
15.830868
77.443008
77.148109
77.360405
55.970646
49.914585
44.265709
32.798878
77.171608
77.534439
77.188454
77.214821
5.479426
37.17717
18.95653
77.232101
77.143105
75.868973
4.377188
53.637138
32.650471
77.22702
57.538727
49.810345
25.967432
38.073105
14.412082
77.113899
77.388168
77.109627
4.448969
16.737694
79.463707
77.231476
77.500885
51.563763
14.43668
18.959412
77.079002
77.171944
63.382839
4.800854
28.309423
36.602329
76.930923
29.131495
36.605942
77.183685
76.451286
4.836518
32.234234
77.738472
51.717564
5.035076
55.229256
55.500599
70.619049
4.546309
4.652428
5.392981
5.330236
5.316979
7.746304
54.611225
5.458889
53.621361
53.323612
5.33612
44.604645
8.201761
77.343056
77.405838
51.894909
4.503998
4.535609
4.498564
32.030117
76.948235
49.80666
58.280804
3.884077
5.302005
49.578026
6.711973
15.030576
41.759869
77.636566
4.437247
23.175014
32.621639
10.792109
78.862892
76.928436
60.848675
24.062725
6.519229
14.542276
29.719473
24.052654
5.24962
4.767415
32.45726
0.457817
44.935184
77.037117
77.762329
45.557739
77.521172
77.02137
65.281036
77.105957
47.883316
4.850127
24.106842
30.647606
50.938019
25.304298
51.535942
65.514259
5.490549
76.606743
77.149834
62.585312
4.642411
4.002189
8.153588
4.661289
50.435661
6.309434
62.627392
69.645447
13.437672
59.413261
31.984125
61.171211
4.377652
33.713406
33.735264
77.413574
78.517105
77.080902
54.480766
57.395985
5.547224
39.584633
38.292561
25.476095
52.257538
59.363335
78.434525
23.566689
29.043812
29.045916
30.508619
25.670479
70.535316
14.408483
20.99231
70.440903
4.269631
33.567585
4.176195
25.846035
25.65333
29.392576
50.709518
31.912708
31.966415
5.451387
77.003738
11.775436
39.613976
25.591211
25.621529
25.673361
38.562599
32.005653
31.997992
5.447096
51.082172
0.996751
5.433987
56.233459
1.04045
75.071007
62.555145
54.105808
27.758175
28.892448
39.16375
76.950256
78.114098
4.072117
53.84124
64.80471
55.047646
35.441395
77.239418
77.239243
36.327194
52.818016
34.743942
30.254185
77.178604
73.428513
64.712891
53.095943
30.449421
37.066936
61.179585
54.731148
29.808969
37.936756
31.871201
30.589136
51.714054
76.445778
24.285343
32.064121
80.172562
58.911503
13.702417
32.025814
74.003891
76.755104
37.895878
49.735912
10.381905
65.303413
12.206593
31.125465
60.873039
29.558891
52.210953
31.828129
32.884518
7.101118
38.859135
39.199688
1.522876
3.675854
23.007416
66.736046
29.166988
49.047573
7.620346
6.358599
52.684235
51.379791
42.344978
10.331559
0.44679
11.613483
15.464556
27.987806
57.103439
50.266464
5.540627
37.722889
11.670423
44.702137
37.93222
60.515541
8.131299
78.831299
48.202278
26.55825
14.113169
81.22654
50.373405
13.270828
62.629791
26.3258
13.720797
31.711433
50.64978
79.209724
15.544241
75.436684
29.302378
38.693829
31.8559
9.893381
9.894111
38.141872
50.519604
1.59597
32.680466
14.148796
10.335892
62.596443
62.555752
35.86087
37.511932
31.18664
14.769601
27.111748
11.947281
50.54921
27.592413
27.568295
30.329685
33.030331
32.40163
80.997017
76.771599
70.334084
51.203709
2.83096
42.532543
53.956524
54.259945
60.46653
32.475739
9.94443
50.702957
31.511295
34.794575
76.956535
37.847206
30.464285
24.014336
11.738296
66.665077
53.353889
37.689209
6.36717
14.625068
60.568218
8.049323
14.703339
45.149529
20.635349
12.793407
12.769082
75.195335
20.421648
62.444229
46.491768
22.020292
35.708542
43.949768
67.965042
40.369473
13.223789
27.29538
66.141815
58.867641
18.052687
32.412067
29.394192
42.198418
20.465881
18.314707
2.435179
49.873283
38.025639
24.622435
50.009312
32.377872
45.607998
82.506592
37.83186
44.717613
75.821976
30.302032
72.493454
53.350067
53.351597
24.585115
49.970402
35.286526
41.900921
60.191238
79.128479
69.645164
68.160767
76.05735
77.068443
76.159279
25.66394
10.097408
37.131313
27.00746
29.60512
14.39028
20.980154
12.053075
25.546734
36.457111
76.307632
2.007837
12.05707
25.555317
76.345436
72.355804
14.912171
46.688107
30.662676
76.134048
52.465145
79.292061
76.383545
76.193253
72.240913
25.709894
27.525564
29.410694
73.569542
11.955736
48.259212
35.698021
35.691742
35.690083
76.199982
49.565948
46.181671
32.741043
76.131157
76.381836
76.072327
75.308571
49.576393
76.226952
67.770485
53.779125
31.474421
45.760834
35.637859
8.114814
81.664864
76.184311
76.1521
76.165756
75.515755
31.962425
13.601081
74.062851
67.230736
67.003372
32.25901
76.076363
76.350266
76.114342
76.36763
63.999371
72.309891
40.095894
25.308851
16.376076
76.192139
53.994896
20.303686
38.905342
35.869213
23.369869
35.241062
6.43245
8.180931
76.117165
27.878748
23.350315
28.963396
28.963469
14.367182
53.72398
36.132317
31.958763
76.631409
75.00956
31.820599
36.104588
38.897488
28.904104
53.694645
30.960382
34.773087
34.77401
48.300694
8.062514
8.064989
38.944206
38.921364
64.931351
67.729874
38.94529
53.67712
37.800274
40.923546
38.96862
27.705135
34.664387
69.588326
38.965919
43.294189
1.98178
18.862118
53.659687
49.098221
35.246635
75.066353
76.002953
53.709526
15.507956
15.331103
15.330964
75.726562
69.299118
53.665379
66.502785
39.298737
51.232037
46.636364
12.375951
35.41465
4.124889
27.877808
59.121304
22.547104
76.88826
25.165447
67.831665
28.506109
3.686545
29.275496
6.178709
33.37484
49.652191
13.479545
28.698029
9.634893
6.517691
26.491476
31.409451
7.838011
23.391451
23.43854
7.290918
33.174458
24.681948
24.687536
24.75172
76.231071
58.358891
32.842026
76.356781
66.57914
40.573246
19.492407
25.344688
23.048838
27.679014
8.990042
9.037136
26.508669
27.465542
25.915638
38.204086
25.451204
30.270107
25.46487
7.086938
83.023369
9.232019
33.748028
2.298132
36.333012
28.656294
12.691822
12.77463
20.322979
22.68627
34.410553
32.804855
20.297619
12.405424
32.844582
24.888481
26.389421
19.476446
32.502739
31.2159
24.115583
76.553787
54.913177
22.260128
21.615511
14.221524
8.503985
8.501796
27.773624
28.156708
33.992905
81.626488
8.503254
11.682941
38.486366
29.009638
16.487366
70.2631
26.512863
28.60947
7.983953
41.208
35.802937
78.373123
70.149765
12.015215
36.276287
20.570856
36.293018
20.569815
83.24099
70.058464
11.744592
11.735965
3.044159
24.862425
46.912933
25.980274
10.968846
21.094849
21.090166
82.466934
34.584648
77.047272
38.345371
28.333551
32.733391
29.477474
29.483833
44.993721
23.343817
75.147064
31.104504
25.732956
36.69297
25.72401
18.088028
49.36969
44.781181
36.704926
25.042191
41.406193
69.852142
24.849129
39.833202
10.496195
34.863411
69.258461
23.531244
50.252598
52.680485
30.816883
45.111938
30.890764
12.796732
77.269753
77.2388
50.410065
58.565777
10.647283
74.752548
74.688828
69.748863
41.381912
69.754814
28.147093
37.865566
30.250162
16.586613
17.987932
30.77775
78.726646
79.051155
25.927298
32.463486
5.201385
23.165604
23.441133
53.332939
28.92639
31.047279
38.59074
11.795923
44.400879
16.187023
16.186253
16.199301
4.269604
17.849222
29.856773
69.285713
16.224911
16.193993
23.103268
81.672066
69.267632
37.673615
9.650896
40.454025
26.113602
26.108805
25.557854
6.274641
6.69404
41.976372
16.150415
14.335811
14.33118
6.357108
22.523087
53.220566
53.216621
10.145432
13.728614
13.726284
53.212875
26.353733
22.774382
75.439194
76.43705
76.441124
12.346656
2.334095
15.43808
82.246696
73.746498
37.225357
6.679092
6.681368
21.946531
53.064236
10.210273
28.666956
9.618879
28.452778
53.043415
43.136868
7.757262
12.490515
64.083817
58.222816
58.055412
41.768288
21.984247
5.495107
33.456314
28.414434
8.00527
64.120689
53.035496
20.982149
20.984097
17.763115
10.684476
44.872952
16.666307
22.143345
27.035927
8.241937
15.539056
69.780891
41.928371
33.350834
22.545753
70.562706
25.600353
27.356499
23.059778
9.902493
3.646703
74.557678
27.054401
18.177132
9.218603
21.593544
37.414875
17.9088
27.886112
70.974686
21.854124
47.482021
16.853104
19.655441
4.4667
49.444965
2.892797
18.407553
27.473602
82.017471
11.72458
43.084972
13.668162
2.857794
81.84787
13.49579
32.6926
48.884354
22.263056
78.275246
68.481911
12.21012
4.950596
46.768288
16.122271
16.113329
46.806225
50.931915
78.368958
64.694153
51.031906
19.825617
19.827728
22.304705
22.303402
53.429352
19.31682
19.83292
2.799951
21.64329
49.655659
28.832109
13.78705
33.654823
76.709557
79.969711
4.69418
25.958635
48.614899
24.50066
20.664024
47.827545
46.981369
21.693911
7.161683
7.11978
7.158645
45.504246
20.548359
10.734234
21.768181
58.119743
43.065006
25.153978
17.397373
36.175381
31.672785
31.682999
31.671383
26.598772
70.259018
35.476147
23.966631
18.566061
11.711385
19.630791
11.958077
11.956367
49.334473
36.161537
26.471785
26.47208
23.201727
13.969969
16.938286
16.97394
23.130472
33.93861
15.067072
18.572056
23.130648
77.250725
6.190606
6.027999
52.487923
47.555267
26.718912
34.828552
21.562731
6.063913
71.07515
6.060499
52.461388
56.571056
10.355177
24.349669
24.347042
43.544598
52.430126
3.515181
47.233261
47.280029
35.276459
23.163137
11.015687
6.199855
6.056169
47.32962
21.745928
5.925038
24.131088
47.293507
44.50692
27.025286
23.988071
58.686459
47.604126
35.270176
4.328748
21.995565
24.302151
55.225681
47.385464
37.944477
46.297928
30.251684
24.045151
0.081544
77.505524
64.24472
55.31432
47.607605
33.503731
5.714504
51.119934
55.306709
5.550059
47.323509
77.745834
51.039635
51.034973
45.42487
37.779877
15.089774
24.241251
0.814663
24.5245
24.082098
81.701363
14.148394
23.580376
24.413307
26.503984
56.634945
48.594769
26.575075
24.28886
22.106453
9.485297
15.199638
24.221025
6.274154
47.198376
15.223468
6.27394
12.117652
11.86927
44.83115
5.046532
5.533572
44.854496
44.729752
0.680821
10.70396
74.640724
50.321712
28.070469
24.153227
32.965935
23.637531
65.007957
23.618679
63.417286
13.41795
35.118614
75.729195
64.46431
57.608288
24.350029
22.183237
35.15073
22.967093
20.696047
24.521414
6.248516
79.283455
44.470436
26.881952
10.5012
17.593805
22.928259
28.227089
4.049756
78.877953
76.720695
68.770042
28.133745
46.183723
21.532789
76.195419
66.546837
33.870743
23.070553
23.268023
15.635567
66.572128
42.377216
28.822622
46.67334
56.813713
13.525589
24.005077
23.857325
45.825974
45.831264
81.61731
66.714211
5.823737
27.516434
19.411486
20.004047
20.442553
28.799314
59.34671
7.117934
20.783672
25.635521
13.181195
28.299791
33.77063
28.732185
5.087253
74.019028
29.684576
30.243212
21.70853
49.513561
32.684059
30.229038
20.151543
28.107042
28.069956
64.332924
63.832603
56.384628
32.66991
50.87072
50.915066
24.580776
13.079663
5.6444
49.225075
5.321173
8.809651
23.502747
33.596245
63.679958
59.195419
49.143715
52.171326
49.149464
9.043028
63.512939
52.177612
22.773214
51.126579
28.240297
27.811556
50.392372
32.858543
13.705277
49.14011
68.595512
63.776672
63.867477
0.401435
21.709755
63.379883
45.473862
46.238697
64.067444
63.660069
63.669479
62.767281
31.869013
22.817137
6.189358
63.882732
10.91441
43.201527
14.934433
46.205845
10.400023
64.121376
56.269737
2.867134
13.256708
15.910696
63.749786
23.570944
38.851738
14.811878
2.882498
33.587379
51.196941
10.868008
65.986893
53.398563
50.889778
6.251114
56.727211
44.372124
23.434837
23.437187
12.665867
32.887962
28.78614
15.346137
23.690281
65.631065
57.843269
22.812063
17.275778
23.666927
12.639028
35.54557
23.492247
65.726212
56.521763
11.248995
52.44714
78.457573
78.430504
74.276443
52.438293
28.803165
79.133018
47.20541
22.509125
78.422943
67.339943
58.52866
0.637802
47.059994
87.852348
87.846794
87.523911
78.439323
7.031668
12.203811
9.528866
62.668182
33.59988
9.845783
56.598259
22.381277
78.478836
85.245041
56.603939
45.10696
56.628269
56.592834
13.493014
64.12114
56.582588
56.711956
28.251678
79.02578
13.396346
64.42514
12.182549
19.527891
53.378796
53.400341
13.14033
13.138212
80.844116
84.47702
1.508848
64.069946
64.067955
58.110703
19.673674
3.675391
47.224762
12.232778
24.007744
22.292147
3.650977
85.326797
0.634501
19.223839
22.199043
22.243959
21.506163
87.587875
10.603242
10.596477
16.961168
29.579206
62.890499
64.156387
62.379848
62.388439
33.461563
83.426414
78.882858
78.480492
56.546112
56.683136
57.253067
24.22002
8.978913
17.360268
67.927345
64.996658
62.494469
63.85503
22.140261
67.890083
5.386914
16.849201
19.845959
33.987328
8.412948
5.38112
11.625739
4.272526
4.351333
4.349703
77.837891
54.549278
54.575378
31.776123
75.357605
56.345562
11.7175
80.073219
4.821175
59.426838
30.361305
24.580694
47.942612
83.294334
56.407822
23.96488
13.696391
32.667763
20.544607
86.328712
76.957878
20.533169
18.446783
34.148373
9.982553
82.618279
80.951958
52.366741
26.901649
85.659592
6.473107
6.474263
56.986065
5.916068
80.240875
19.923908
52.042732
13.906753
5.833844
15.532738
82.553581
12.369394
2.084767
42.278648
45.445721
11.641978
63.320999
1.99755
79.404091
1.040376
1.899673
27.258423
63.908218
67.145142
63.210796
57.167244
1.885173
2.219946
24.102011
24.620819
11.222595
1.879646
27.148453
79.683357
1.902245
23.82625
22.721651
11.933699
79.862236
72.157616
59.268719
27.743586
42.598289
45.438877
82.082581
1.862564
78.824738
68.394096
4.448911
63.015324
61.153576
12.24661
15.936218
63.155415
50.056713
51.486755
66.780106
22.897764
48.659866
17.884125
4.30525
52.200439
52.200985
42.598232
42.700371
42.611053
42.590931
42.722683
26.675686
26.673817
82.712234
82.698212
62.89489
62.968143
52.153362
22.193928
17.871033
66.240051
16.808058
6.969043
82.333054
19.018087
54.719322
58.389042
16.141682
16.145782
30.369459
63.026737
3.907569
54.680939
50.089325
42.015846
62.996853
16.542585
54.648678
42.491611
17.436916
4.366785
79.532272
19.386076
65.773819
15.833353
45.579712
19.388727
9.013244
5.151484
4.369502
4.376821
63.212784
57.917084
27.985489
80.433517
15.705937
31.192116
23.983648
79.01799
79.025749
7.811046
4.417302
63.388855
62.21487
61.869904
54.882439
19.602606
16.983521
42.531925
3.631765
79.087776
18.288939
18.299877
30.879148
31.151142
62.441193
16.987541
16.399408
23.760372
11.345537
79.262886
11.96907
30.569004
30.564829
32.104122
62.512432
11.972826
32.099899
43.735069
40.486202
79.282318
79.179062
79.302063
12.283468
79.259232
79.191109
82.078796
62.735485
57.262733
46.561096
8.755128
7.990335
27.329952
6.296348
78.272858
58.450912
49.284611
20.027945
57.872818
57.594872
9.440567
80.053627
49.834297
7.382588
41.924335
79.314598
78.601288
58.55389
22.575741
9.02148
9.01454
79.26606
79.384186
79.206139
2.711039
28.580685
11.853177
28.228661
42.821606
79.067619
11.913603
42.806644
80.852303
46.152035
46.075081
32.592514
78.661118
62.865128
56.51112
22.121721
12.017754
56.173889
52.124748
38.261055
14.613975
56.605827
56.658291
15.617548
60.821468
62.067768
3.777886
4.717727
79.192566
60.89555
60.907917
60.830593
10.484843
43.19249
8.942002
61.452187
56.772633
50.631687
18.852417
3.860625
56.435947
31.11445
61.485458
40.508507
60.62212
11.764257
11.634266
79.299507
4.008344
56.295944
49.982822
7.33371
15.824288
80.45993
6.094024
11.779213
10.525012
13.991314
79.815315
64.831482
26.465706
15.732403
6.009593
3.999937
26.026466
4.309587
5.232043
40.540424
10.508689
79.399338
5.924165
12.931371
14.829508
79.169746
18.269487
45.780621
51.097698
16.658356
17.10972
49.757008
63.108269
56.917854
17.280277
35.801353
14.732741
6.45483
79.670815
62.058113
54.429241
17.118107
17.118134
16.041796
40.953285
39.45499
61.175423
5.911781
18.715284
4.38586
25.928015
54.99781
53.308395
55.393063
15.077168
14.937249
65.661728
17.071548
8.214036
18.197472
21.78109
38.855797
15.162917
15.168322
15.012872
14.530211
13.430302
65.936928
30.73011
39.483604
13.736153
14.450749
15.943885
58.151283
61.849094
62.811996
5.58787
37.914616
56.661709
11.218587
39.577724
10.98135
11.83798
4.431778
82.392647
55.52655
5.555296
79.756958
11.12343
7.415641
22.861235
6.882286
31.769299
23.827271
2.971221
18.437815
60.819263
5.777785
6.867092
39.412331
6.023793
5.77491
4.534315
61.384262
6.034728
5.790445
5.738233
6.129874
0.760708
50.956738
82.569962
18.732973
7.931337
8.699808
39.757488
3.804551
5.550495
31.511311
31.232126
56.549778
7.619168
46.225662
0.151933
7.235138
54.603081
54.607685
4.561435
3.800033
55.633423
55.203796
46.188038
33.969109
14.337902
79.655327
18.685043
18.687843
7.299429
13.550596
4.21863
56.426525
11.983203
19.710958
17.950624
5.769427
5.767779
26.207542
6.14724
61.883224
5.757065
55.30518
26.792112
26.6712
75.918648
56.058998
44.552956
15.94831
23.268845
82.771149
59.338402
82.6772
54.294765
10.496339
86.242615
86.220772
11.337478
3.480352
56.475353
18.856312
43.307278
51.714428
11.411046
37.916908
45.180176
20.3494
5.295829
13.490576
47.668751
7.799054
19.069395
22.139624
54.351093
18.986284
20.331215
39.603493
4.169954
23.036585
11.315774
40.974373
10.696261
4.201316
33.188576
4.226837
4.181816
33.360455
47.006744
4.353469
33.36084
77.078606
23.89547
39.321892
33.152817
48.63345
40.168549
47.47731
20.464909
29.087866
12.958817
22.891258
3.16203
20.446556
20.251213
3.689675
43.151581
76.841461
62.073032
41.413452
6.48137
3.988508
2.858588
39.706875
22.496347
8.601358
55.297386
16.927513
22.511463
54.386604
28.254932
17.079409
5.409218
54.365368
55.289043
3.005522
54.389278
13.260182
3.006081
5.339191
4.433233
7.60332
23.942261
44.675137
7.221736
76.823349
61.267002
10.099718
55.498554
4.126097
21.08905
21.438522
19.95607
8.803113
6.005601
85.12207
5.847128
30.127411
1.123368
44.257908
56.862152
5.848268
5.844966
30.108128
22.346127
54.961391
15.140836
40.491909
44.315849
16.146975
19.35887
20.399614
5.792886
4.132336
61.692738
57.062477
56.211163
56.161884
3.891103
5.916307
22.882761
21.830896
21.398785
5.687768
12.119211
40.49704
17.378313
5.763602
21.417593
21.415819
61.702076
63.490368
5.017287
19.894985
5.012214
17.319407
20.419695
11.961425
11.954421
54.800632
21.71916
22.122944
38.618851
78.203056
57.32626
19.30504
18.377028
44.083359
31.663595
31.661236
20.196932
20.197355
16.4907
33.159996
22.428295
56.464966
7.480254
22.896461
62.11824
7.505125
22.897896
59.73679
59.47113
5.976351
38.914509
9.281961
18.269487
18.270699
59.745483
59.745712
26.407656
22.851854
55.089439
8.877945
23.284178
58.947571
58.93568
3.427565
55.088329
8.672581
4.323953
12.688372
12.761679
4.777101
22.795931
78.827263
82.955971
60.22168
2.308445
54.907326
26.415939
42.77536
10.399931
3.201911
22.610825
83.393593
29.049566
20.26284
78.108452
4.677622
15.266671
5.209217
59.604477
4.688101
55.035011
6.926512
80.206436
56.889202
54.631054
45.909801
43.294071
43.294128
19.612942
31.749266
35.859104
86.47644
80.057541
59.846081
59.982021
56.867279
39.032211
39.033764
39.02417
20.164696
54.620689
77.349541
23.918772
1.855755
23.765779
80.114182
0.445282
23.984016
36.361217
23.740198
83.175797
54.741478
55.126045
29.802959
1.705622
15.927202
33.019791
28.615988
55.121082
22.664257
19.028048
19.85293
22.440508
41.145981
17.597822
21.765676
1.851259
20.18124
53.097664
22.633917
51.486607
2.516072
12.403688
61.249416
61.200912
56.23365
37.014248
7.481722
5.397875
58.276321
31.530731
22.812757
78.254906
4.876043
55.132317
38.077515
20.338675
7.541837
54.17812
61.036491
16.128986
5.240672
83.173508
19.762207
7.089689
4.424914
4.440619
32.943813
60.135628
54.848381
21.567875
3.537468
7.532047
37.794128
83.339104
78.657181
55.445572
40.315983
48.233967
48.234119
2.060419
78.415947
78.396614
18.333843
4.19504
63.626202
20.185987
42.444096
22.949314
53.160206
5.224867
20.722727
43.392075
7.586269
5.369152
20.791256
5.292696
5.071593
6.176981
22.047752
83.065392
10.85481
27.782902
38.085926
3.081723
37.17395
57.194836
23.363659
77.37645
57.178776
5.281459
23.266811
37.116348
78.289558
4.177839
33.074276
78.16964
49.123768
1.90278
76.692398
33.557632
23.066349
23.068476
31.804405
30.273705
22.031385
21.477461
23.209473
76.422928
60.911633
31.687033
19.689598
55.801907
4.091858
4.097766
32.525459
62.618736
59.196404
5.749821
25.015368
16.495708
32.41925
83.25032
54.816875
19.866692
21.973583
5.696093
19.854422
22.832075
3.208833
17.781792
53.883869
19.840206
28.900066
53.341507
23.92091
81.971451
7.081377
0.072806
18.408739
31.716434
81.996727
29.589184
61.906467
61.899845
42.357655
34.029797
5.753335
31.435976
63.290115
63.288872
31.794147
47.667339
3.925766
18.476557
32.590286
5.385512
58.533504
12.143012
5.599065
83.328316
62.313545
5.561761
4.576958
13.623682
37.068733
53.268433
5.624459
33.069996
33.053154
55.236481
19.676994
22.860806
52.991978
5.664312
55.251183
58.912159
33.16856
83.175827
5.544245
3.48859
24.003658
23.684454
29.517296
52.724548
4.636905
32.04821
44.19109
23.673473
5.540846
5.361072
15.60119
18.622175
0.433924
21.706085
60.85247
58.571838
47.243977
52.747379
5.356689
3.400361
62.510841
2.503066
3.356161
82.39888
58.59676
29.121523
7.606188
58.824944
18.752647
21.364624
19.202126
19.582293
21.77898
56.780399
2.52663
48.170231
56.982101
48.161594
23.199869
34.632511
4.833814
5.191327
4.321863
4.319939
12.691435
12.834592
36.056599
29.639341
30.789312
56.173992
19.794706
23.96599
23.962023
28.371626
23.34309
7.428804
57.148903
57.76733
48.410072
48.089298
58.15675
4.95812
4.531147
4.484186
57.849075
4.884141
56.930386
13.315209
4.593845
33.045139
4.516995
4.514316
31.423439
59.577942
30.976044
31.052704
24.107233
21.311996
21.316292
24.658035
24.700483
22.540052
79.739983
4.00797
2.359423
3.07563
22.526663
37.336014
36.081558
56.756001
53.114853
46.65218
31.741943
34.491734
36.781593
35.693691
46.632172
56.786057
56.801128
29.489389
4.00006
31.633572
31.704065
23.421011
28.413675
1.65423
1.847494
13.395349
53.094097
22.93379
13.535759
31.655062
31.605785
54.495728
57.432911
48.410206
24.164743
9.886032
4.85243
12.71811
15.21328
15.223623
2.851729
26.914249
48.347401
6.137689
1.353233
1.99466
1.973694
1.994213
5.565381
18.932545
35.846054
44.099388
0.854573
23.81538
11.3129
21.176945
82.999519
59.320087
39.803535
11.954367
4.837741
65.397888
59.4235
9.637568
64.645737
58.090794
51.7672
58.244846
33.180321
58.155552
58.246319
57.964737
31.5739
4.258802
4.367678
0.992756
30.164612
36.618034
54.517006
48.89196
2.765464
50.959709
0.972459
4.752575
54.455147
25.477446
43.806141
33.111477
28.103579
34.389095
54.517387
33.101143
31.677301
39.03569
39.098022
11.322864
74.439499
74.452171
26.146824
17.234459
59.509052
47.35833
55.031796
30.954865
50.782185
16.556864
41.751354
37.976719
1.469864
28.32922
18.76733
1.483523
34.702042
65.403305
1.765312
51.907818
4.521214
80.181351
2.046393
4.87346
22.672997
53.256733
3.881152
2.11642
8.421989
52.774734
53.258678
73.40593
64.417091
38.574436
4.725255
3.242816
2.125738
8.428338
80.056206
55.711189
14.88366
64.50724
19.827547
3.029496
50.36311
6.136167
30.003445
41.622921
54.122246
1.89946
30.223783
50.469543
34.285179
14.134708
44.790085
7.828692
24.429321
3.16576
20.018642
50.650391
13.477298
5.208622
22.582638
58.089828
50.457767
35.377415
37.206699
23.250893
42.305248
31.895254
14.987813
56.053215
55.320011
40.213127
61.60944
31.919249
50.478153
13.669271
9.231694
4.28376
4.295111
9.301283
42.81456
55.876644
50.458771
24.597818
52.729095
15.401775
15.20332
24.664263
22.658743
34.309631
51.621094
54.525196
5.118984
8.010858
80.596748
54.981178
31.786156
20.081604
50.979218
54.199554
55.004768
23.534882
23.537214
50.361233
57.295403
55.012684
30.931107
18.649639
11.263087
30.846605
48.844158
48.848103
8.772329
55.315105
20.865761
63.638683
57.836357
55.278252
32.026428
55.625568
55.274204
50.614773
49.944782
55.619595
54.928974
39.119522
39.569683
58.892044
14.596047
14.093679
80.053024
57.674328
63.59737
63.579922
57.666584
51.476582
30.474216
58.74691
20.643095
12.571552
31.762768
39.821247
58.69165
50.033154
7.801213
79.647911
10.633417
59.027008
14.341559
30.816879
56.344219
48.033764
12.754697
15.98314
7.995093
59.012985
1.180759
50.894688
6.822168
8.010142
31.982224
14.449953
28.275444
18.505396
60.137428
53.212231
4.168038
50.148872
9.971254
45.307442
43.076672
18.544115
15.967617
32.845318
5.695091
51.086502
32.915257
36.609921
12.007425
17.533146
17.538733
55.719616
42.994427
7.993532
18.47397
24.878691
4.785155
55.535995
37.265251
26.004648
15.130119
11.849732
8.126063
25.698225
9.594647
25.996056
7.880678
44.169685
55.083225
58.472549
50.945793
31.367012
12.706975
62.088066
33.792385
2.852517
7.260557
12.75038
2.83471
58.772694
40.074554
11.966021
6.298305
56.588306
33.591164
31.539022
24.914854
57.493519
50.778599
12.521565
11.317405
32.895779
46.658165
66.211113
0.137947
0.135914
27.5228
1.860747
3.862663
16.345846
43.260113
7.323038
7.327051
7.274013
13.269618
34.819447
55.365826
40.451008
3.719436
4.755384
5.237077
27.538303
15.886051
1.58211
5.026853
5.440054
8.211179
8.280255
70.429893
11.290871
24.992865
14.02593
24.598948
11.27964
27.818733
46.016968
5.026977
50.106041
5.401726
28.956898
44.319447
4.811485
3.640806
58.027676
46.530239
2.9511
5.632959
55.153717
57.787384
26.363794
24.98056
52.142628
4.733224
35.856159
17.822399
5.27042
64.189964
55.669323
25.399546
6.104775
6.450549
6.450669
46.608639
83.301979
83.289612
55.197922
55.557381
60.728714
25.484989
0.547603
0.549994
1.026819
6.310517
1.261452
6.308596
59.427589
50.164444
24.550804
55.244343
5.341628
19.232044
34.784615
63.821739
1.709207
59.346207
1.434404
3.69147
1.161268
17.906397
35.733109
58.047691
59.154972
59.503292
55.420776
1.441495
44.456802
7.113872
1.296459
46.797112
48.814819
79.255203
77.898582
66.640068
15.466897
12.723082
59.489655
11.603966
52.419342
58.78994
50.032822
50.045055
50.03159
15.103368
46.723083
3.887471
12.679308
52.450226
59.44315
59.497021
24.521151
81.609978
59.435753
59.437443
12.010179
29.882605
6.826975
59.412163
59.416546
46.723259
59.399147
59.440563
49.937988
3.951957
13.815918
59.464275
46.809658
2.041582
2.04263
25.608021
30.868509
59.324844
56.098862
26.066565
26.064154
3.883744
9.840924
17.621876
32.455276
30.879112
59.312923
51.884502
49.517696
56.249531
71.973099
23.18054
41.027393
14.970903
14.965986
46.467655
23.446989
48.357674
46.517879
1.830771
32.903446
30.986216
2.645486
16.77323
37.759464
47.136833
3.727495
55.834408
0.744986
2.548195
14.235423
37.759796
18.250839
23.838812
59.073746
59.058434
50.39817
50.40379
30.299509
40.870701
49.566956
31.315975
3.868049
8.217704
62.668461
49.842373
23.895155
23.84026
23.379087
1.488286
40.752888
4.671321
41.459988
47.658024
1.5554
51.434254
3.520841
11.914649
2.230018
55.863266
3.600158
60.730873
59.500568
52.839813
1.552811
57.293747
47.121815
82.196129
49.972343
14.598775
28.258453
12.927544
20.252865
58.060036
14.585139
40.521362
48.535091
46.87923
37.992653
28.399668
32.788979
1.214217
86.492912
51.735756
57.954609
50.768902
2.662514
3.544965
3.488512
53.546227
48.678173
53.573956
58.017895
2.998757
3.507188
14.855389
49.665173
58.232277
29.894485
36.001804
84.669724
2.088441
15.476396
15.47764
30.827744
3.497335
3.773385
48.6726
0.807956
36.008842
51.512936
52.923882
13.447472
5.324319
5.336556
17.641121
3.90665
2.963007
2.978356
23.634565
59.664162
57.71983
50.394646
36.845486
17.480112
48.563061
47.755531
82.411209
48.664062
3.389201
46.17363
48.097233
54.014736
59.265083
23.501478
47.815231
47.307835
1.410846
59.231728
56.956482
23.70713
23.06938
46.206413
48.083927
47.278294
31.984926
25.395418
46.28159
48.979401
86.346245
17.520102
17.868603
44.158859
86.295853
82.608269
53.797852
53.794052
57.791203
55.873596
2.819334
4.767471
6.182117
18.709316
20.413033
2.758521
39.098804
55.04464
2.747236
9.560742
3.823219
51.943653
15.81651
9.567507
47.845913
57.431381
15.809197
9.556189
57.606159
2.813524
2.758305
6.442169
50.882374
57.54612
57.521862
59.526264
48.500111
28.773939
57.570187
48.582233
17.25186
4.151882
32.718159
32.70752
16.968449
48.64521
14.808616
86.026039
54.741798
53.349476
32.058453
40.433048
39.05349
1.604523
48.384071
48.68681
13.213065
55.298607
56.192509
56.851112
2.788367
2.536566
7.435384
48.471268
24.843838
53.886539
56.10648
49.15316
49.150017
56.065983
40.306908
82.620369
65.199577
50.6847
53.200729
49.244759
19.399393
2.824453
6.08616
82.538834
82.532661
54.974358
57.345787
22.830008
56.118919
48.441452
47.664509
48.469208
56.822884
56.126751
16.922926
48.530239
48.297672
48.442017
38.372341
6.213758
19.017443
50.712391
48.551105
48.552353
25.123205
36.473816
56.041241
24.030867
12.969076
51.495152
59.594036
56.1367
17.665728
25.091278
23.570002
55.179413
53.547523
3.666078
46.582127
39.819031
48.372322
48.466278
39.010391
24.930874
50.816612
11.530813
48.324402
48.787369
48.248508
39.195042
2.396632
59.410278
7.541631
18.417303
3.928395
48.485073
48.571011
48.68322
48.132366
24.856911
53.860416
3.896474
0.598605
9.553011
48.595623
48.398464
48.531849
28.944677
24.919764
86.319672
64.5457
54.003578
54.274326
51.895756
16.034252
16.831223
2.62029
2.416867
49.119499
48.461075
38.280025
7.265538
24.830927
40.324207
48.458645
48.565384
48.697235
38.277176
7.280093
29.916246
45.214966
39.54707
82.13195
5.722704
38.278217
2.059417
55.406384
2.657035
24.955822
1.726814
2.05732
30.043655
55.019085
54.45937
27.99902
4.185614
53.976681
49.878132
48.291126
39.060555
55.133766
53.983326
54.620647
39.191925
26.172058
80.510536
63.791241
53.374413
14.621663
32.721642
48.810539
24.858744
48.869301
8.985744
2.917764
65.250031
54.317127
47.576439
49.757587
49.95583
3.247437
48.830784
37.211086
53.826225
52.922234
48.823818
5.106325
13.435205
54.350208
60.629799
2.384443
37.759632
29.528555
17.757942
54.035091
48.754467
29.469542
29.470806
53.84388
49.371094
0.86019
40.204529
5.034508
24.954882
55.732758
54.041431
53.907589
18.368086
27.944092
33.480724
13.001787
53.915726
53.852009
54.018288
5.274491
2.247571
54.067619
53.721577
51.97319
3.900457
85.643768
56.967548
1.982616
20.088263
54.025284
16.263424
5.289257
64.282242
64.243736
54.016819
59.906853
59.909935
40.607704
16.972221
53.982704
53.726528
49.589424
4.888503
43.790428
16.938597
85.6353
54.156601
47.57
36.188103
17.831371
67.544716
53.94725
54.215466
3.40312
40.288773
18.58532
83.863457
53.805092
53.968712
40.796082
13.366206
25.189901
53.875813
53.876011
55.128296
53.927528
53.88866
53.885178
53.936237
54.05481
52.965649
52.964111
53.895996
18.088223
36.135223
53.910336
53.911804
53.923309
53.965458
53.921799
53.954151
54.121735
60.329079
49.600594
29.849785
24.514902
8.192511
30.366461
71.048859
53.387733
56.291618
1.645977
46.159863
79.381454
53.929943
53.858398
53.912678
27.132448
53.981873
54.213135
53.932709
54.472553
40.004776
5.269285
84.434647
54.116039
53.727093
52.584759
53.470097
49.723404
17.985035
18.400661
16.467237
40.07288
64.871925
53.704418
53.912582
55.357639
49.746014
15.851335
41.450043
35.326546
53.80957
53.965385
52.971123
2.852103
42.581238
53.862381
53.720974
29.391598
83.724907
64.671921
50.492237
48.775345
40.437248
65.991425
53.935574
49.765533
5.850916
53.835686
49.223461
17.465618
29.574139
30.291162
53.827583
16.018511
30.553255
83.539993
83.54644
18.324947
7.036383
43.906151
51.273506
50.261787
17.173607
17.168512
43.910545
2.360286
1.127603
33.459499
70.130775
52.888317
51.285191
48.626076
15.256459
32.996071
70.627434
52.849075
17.643839
40.320717
43.784889
82.961563
53.778858
51.768799
53.92923
32.95063
48.766655
17.351955
48.811134
48.850857
23.494963
26.529818
41.22192
30.316578
6.953708
53.635448
49.733624
27.171633
47.717003
22.915565
80.589241
49.590988
49.820824
4.45216
21.851013
27.170258
0.785096
33.84943
33.867146
1.176996
80.791847
52.490452
47.216499
49.765453
17.195269
49.222366
16.029396
52.342403
49.963749
49.950436
15.933412
17.386354
17.393015
16.49884
15.948239
22.592201
53.266636
52.3167
54.26265
17.174988
17.447186
17.379311
3.725435
29.267813
82.533676
80.804886
53.994808
17.51219
26.758888
29.272032
53.931099
51.923214
14.716194
82.575493
49.631653
50.546581
4.506753
53.649979
54.290741
64.219803
11.288563
26.646292
32.091309
78.005119
63.813129
50.062813
43.608643
52.531479
53.178909
57.407475
50.955326
4.82721
17.675957
44.992451
29.242771
29.847223
30.993244
53.681938
53.577511
17.530437
18.42363
19.03866
29.84296
70.789337
53.67384
61.184391
17.454245
9.351335
9.37563
29.837572
54.151249
49.869308
18.268976
17.315912
11.424895
70.647232
61.638153
61.633926
53.582584
48.061657
48.733074
29.454288
7.962176
43.336838
29.914021
19.494804
60.007629
20.25663
21.372034
5.908423
80.079208
58.074886
48.506382
31.011183
27.877436
80.94355
51.8228
54.192127
49.055847
17.588982
14.050201
42.331684
70.639381
52.969666
49.557011
18.511007
26.251684
1.559617
17.957829
5.791202
23.050306
70.632645
53.799667
11.975085
8.21142
42.055923
42.317257
5.201649
5.20293
4.680307
46.196213
30.626549
50.493298
2.271836
45.243366
44.966305
43.027336
15.905976
73.144272
49.35833
50.464069
48.560074
12.888195
30.624846
30.629318
60.931431
42.710796
44.741772
53.347351
53.354385
40.833706
44.765976
15.619554
20.809254
42.149143
42.758217
15.598162
54.507046
19.699224
16.079481
42.71666
42.777809
30.656551
55.159779
54.526188
30.576174
33.01086
0.259052
39.57832
30.332077
54.428589
49.697948
6.291373
13.127144
42.740952
42.131836
28.837574
24.420187
34.690979
29.783484
22.088743
57.021976
18.296059
46.062202
44.324074
26.90485
70.859108
70.85099
21.663376
18.831629
26.905506
47.074928
22.830109
29.976578
54.301231
47.733673
47.734432
50.280807
49.682152
47.049622
42.769157
7.581354
78.157059
61.597801
48.674938
8.821786
44.432446
78.417648
71.043701
64.226387
64.201378
32.51688
26.93232
63.89579
61.197613
32.518578
18.996895
46.139233
2.001159
62.70274
82.277573
51.092239
61.182957
49.663696
48.499699
42.309849
27.927185
1.161024
50.588737
50.233143
50.33382
18.029718
40.130672
27.177839
85.268372
61.253975
56.822975
48.916828
30.7061
30.549726
80.848709
70.895859
17.464911
41.708504
49.098175
70.26194
14.841194
18.707666
70.262024
6.448437
6.449667
15.101501
19.27788
19.458551
45.741226
28.202978
9.174801
49.312847
3.150785
80.732933
56.216576
19.585003
87.486305
87.518547
39.875828
0.449525
70.629799
49.967457
22.329556
70.658524
53.44809
34.999512
70.655296
49.906116
31.982956
70.855896
11.037185
23.984497
24.406675
25.885866
70.66684
55.02356
54.25499
49.817997
3.593763
12.215595
23.975739
23.971743
28.979925
36.526897
30.860912
71.026993
50.552391
8.560151
23.964684
2.564657
41.840641
27.152519
49.031975
8.10146
25.934055
19.276121
21.247454