-203.2
-188.6
-216.1
-192.3
-235.9
-394
-317.9
-222.7
-294.1
-93.5
-115.5
-256.6
-172.2
-95.5
-201.9
-252
-304.5
-410.2
-45.6
-356.6
-257.5
-138.3
-57.8
-188.6
-209.8
-168.2
-220.5
-137.8
-262.8
-160.6
-74.6
-45.9
359.4
-447.4
-130.5
-406.9
31.4
-417.3
171.6
-128
-186.8
-220.3
-106.1
158.9
-209.2
110.2
81.8
-467.9
-54.2
-264.5
27.1
-148.5
-152.6
-165.4
-263.2
-293.5
-340.3
-55.9
25.9
122.3
251
130.3
-60.7
-78.6
-15.2
-571.7
-152.5
-207.8
-133.8
-273.8
-0.8
29.1
36.5
-168.8
-97.9
-100.3
-75.7
278.7
-181.4
45.2
-400.3
-58.7
-352.3
-194.1
-254.2
-400.2
-7.3
-21.5
-376.5
-157.7
59.8
-356.5
-309
-54.7
-535.7
258.9
-995.8
-385.4
-36.9
-399.1
-68.1
185.8
-337.2
-92.4
-346.4
-568.9
-417.8
-137.9
-122.9
-85.9
-540.7
-15.5
-406.5
-68.3
-39.4
-59.5
-127.3
-333.7
-78.8
-433.6
224.6
-289.3
-51.3
-74.8
346
-257.5
-561.9
-469.4
-526.8
-52.4
-359.6
-25
-313.5
-70.4
6.3
22.9
61.9
27.1
-415.2
-103.8
-22.8
-30.2
40.6
-191.3
-25.6
-222.1
-215.7
-234.9
-349.3
-182.1
-285.7
-293.2
-122
311.4
-9
-121.8
377.2
60.6
-193.3
-176
-180.8
-229.6
81.1
-45.8
490.2
17
-181.2
-327.3
-41.8
-255.5
-414.2
304.6
348.9
324.6
33.5
-384.2
-131.6
-386.7
-249.5
-192
-43.6
-41.1
-141.3
-120.9
-121
38.1
372
557.6
333.4
-97.6
15.8
86
-168.1
0.5
-41
220.4
-31
446.4
193.9
116
15.5
365.7
-377.2
71.7
46.5
29.5
-146.4
138.5
144.8
110.1
-111.2
14.6
630.6
99
205.4
-22
215.4
-229.1
104.1
-150.7
255.2
-189.8
235.7
201.1
-145.2
-141.5
-186.9
-249.5
-256.4
229
73.7
453.6
-181.9
420.4
210.9
277.1
176.4
-232.7
-170.2
-315
-263.9
1.3
-637.9
-182.7
105.1
-206.1
-156.7
428.9
-228.3
67.8
-258.8
-145.6
-139.9
-330.3
-105.5
118.8
317.1
-268.3
56.1
64.8
-396.4
-274.8
472.1
-351.2
-354.3
-407.8
-224.1
22.2
26.9
-155.3
26.4
-2
315.8
231.5
273.7
82.9
171.4
45.2
83.7
278.1
15.9
195.3
-499.3
139
-285.6
121.5
-326
-28
-145.7
-338.3
311.4
-238.8
-21.9
23.3
-9.9
147.2
-271.1
-111.5
-108.3
109.4
272
206.7
108.7
65.6
-211.2
-311.3
55.9
147.5
-248.9
227.5
-329
250.8
124.2
-285.5
57
-196.3
95.1
30.4
-197.4
208.9
226.3
109.8
118
220.3
184.4
-238.4
77.1
261.9
139.6
241.5
-80.5
180.7
93.2
402.2
-43.9
272.1
246.4
175.7
157
9.2
-116.4
214.5
225.3
265.4
118.4
-128.4
214.9
142.3
-282.4
208.4
219.2
-198.5
-143
-71
-72
12.4
267.8
116.2
-304.1
-272
32
225.8
-229.8
135.2
-219.6
124.9
47.1
72.6
212.8
140.5
-69.8
111.2
249
50
84.1
50.3
-107.4
36.6
-117.4
-242.8
5.8
-54.4
0.4
100.8
166.7
314.1
226.7
211.9
-75
243.6
57.7
207.2
-75.9
350.2
-133.7
-141.7
164.4
141.3
178.4
272.2
317.7
193.7
138.6
131
-88.3
-6.1
62.1
28
-299.5
-188
54.4
-109.7
40.3
384.4
-137
358.2
236.9
70.1
118.2
150.3
236.2
347.7
531.2
357.3
-112.6
40.7
-104
95.8
-91.1
-136.8
323.5
75.4
203.9
-31.3
-206.7
113.6
156
370.3
30.3
332.3
298.1
-142.2
-39.2
-86.7
250.1
357.9
290
316
-101.9
-115.9
-85.2
-26.1
-62.3
-23.3
-353
-190.7
-238.1
268.2
-141.6
277.9
294.6
-10.4
297.9
101.5
-132
-144.5
32.3
-124.5
232.5
103.9
65.8
-47.1
92.6
33.1
301.9
283.8
186.2
274.8
307.6
350.8
-91.9
359.5
309.7
-155.2
-272.7
172.6
435
335
-380.1
-653.6
197.2
375.9
-464.6
184
-115.9
564.9
-159.1
304.5
238.7
372.7
360.2
-39.9
-12.1
-150.2
203.8
397.4
-98.1
-2.6
-493.7
208.3
434.4
135.9
-97
258.5
272.9
-18.9
-100.1
-356
-114.8
-195.5
237.7
-107.6
-208.9
216.9
277.2
189.4
115.5
240.7
902.3
75.1
-45.6
-125.3
636.9
247.7
-291.7
111.9
302.1
124.2
122.8
126.4
-40.1
295.1
246.3
253.4
-139.3
-75.2
-238.5
84.9
-44.7
-58.8
-366
-116.2
345.7
280.4
-386.1
116.2
-185.9
316.1
-339.7
-290.1
-237.4
179.2
1008.7
-262.2
-268.8
-3.1
361.6
-262.1
-400.4
-27.4
-20.6
76.5
-158
-65.8
-288.3
-261.1
107.9
-111.7
100.1
41.4
261.5
-152.9
56.1
-258.3
410.4
-7.2
-138.8
-83.9
232.3
124
-53.7
-244.7
297.6
-147.3
206.3
-213.5
111.7
287
-53.2
273.7
129
-192.2
343.9
227.5
-219.7
259.7
251.8
87.6
59.6
-84.7
-67.4
204.6
201.5
-115.6
109.6
56.4
226.2
-60.7
-190.3
-71.2
-59.1
67.4
222.6
-25.1
-240.6
10.7
142.9
-131.8
-181.1
-109.9
344
158.5
-118.6
105.2
-186.4
257.5
117.1
213.2
75.6
-190.9
234.3
-108.1
-193.7
-100.1
178.5
261.1
180
-162.2
172.7
-201.9
-219.6
-191.3
-200.6
-216.7
-117.8
133.3
285.8
169.5
-88.6
-199
-159.2
227.8
-187.4
239.6
144.9
279.9
-196.3
121.7
-135.8
179.9
101.6
-220.8
246.6
240.5
198.6
270.6
-67.6
338.3
236.6
-181.9
51.8
-55.9
-69.5
302
245.1
933.2
142.4
198.2
207.4
49.1
-70
10.6
103.7
63.1
-133.8
34.5
-82.8
473.8
-96.4
119.1
-67.3
-24.4
-4.9
-69.9
-518
618.4
-46.2
-115.8
-176.1
73.5
55.6
-229.1
306.5
-187.4
1028
204.7
-167.2
-216.1
-47.6
272.9
65.9
81
-94.9
-99.3
251.8
-126.5
41.1
-112.8
106.8
116.6
11.6
111.4
201.4
260.3
160.3
-19.8
-33.7
-113.9
7.3
-157.2
30.1
-95.8
139.6
120.4
471.4
552.5
225.4
-172.2
137.9
135
21.7
213.9
-172.5
-195.4
411.3
-40.8
-39.3
-151.3
-79.3
-110.9
137.8
18.3
189.4
317.5
62.6
-148.9
-32.1
294.1
-123.4
59.5
246
186.3
-306.7
-300.8
175.9
147.2
-143.8
-177.8
12.8
-129.7
309
198
220.8
396
7.3
391.1
-143.6
312.5
15.6
-49.9
200
44.3
-56.7
-150.6
333.4
167.7
-47
-21.9
22.9
31.9
5.8
30.2
264.6
244.3
422.6
-131.5
-65
-121.4
443.1
398.2
-163.3
295.8
-186.4
353.4
251.3
74.6
214.9
-294.2
-181.2
476.3
463.2
185.2
573.4
-137.6
146.2
187.7
-194.4
69.5
170.1
279.8
-229.5
-137.4
403.1
339.4
-28.2
363.7
75
444
51.3
-83.7
-193
260.1
-168.7
52.9
107.2
25.7
-95.1
73.5
-176.7
-14.2
-120.6
113.5
91.9
-175.5
-157
-40.6
144.4
231.2
76.4
-50.6
-143.7
-55.3
275.5
-12.9
144.1
-37.2
3.7
-69.5
-140.4
189.2
-68.3
127.3
86.7
54.9
217.2
-52.3
-281.7
158.8
132.8
184.3
-67.2
-28.4
-183.9
3.3
91.1
136.4
227
112.3
83.5
138.4
-3.9
128.3
119.7
169.2
189.8
-134.6
104.8
-64
-194.2
234.3
-93.8
290.1
182
212.4
-129.2
-507.3
-157.4
-247.3
-124.6
-206.9
-106.5
-112.2
-125.5
139.1
-253.9
-192.5
-188.9
-125.9
-208.6
-174.5
73
-280.1
-274.9
255.6
93.8
198.1
-165.4
-59.2
193.2
-414.8
-7.8
391.8
-46.5
70.4
70.2
-252.7
-90.2
298.7
196.7
230.3
-341.2
-345.9
19.6
-41.4
345.6
300.1
-104.6
12.3
-220.4
188
29.3
479
-719.4
-542.6
-280.7
127.7
261.5
-344.7
-317.5
187.8
-1128
-267.7
117.3
-507.4
-593.5
-175
-185.2
157.9
-137.3
35.7
-421.2
-107.5
-21.1
-75.1
-159.8
-97.3
22.4
91.1
395.9
-74
259.6
191.4
-248.1
15.6
-191
177.5
-418.3
200.1
-285.5
50.4
-59.4
-75.8
76.9
343.6
184.8
263
98.4
-104
-376.9
-153.2
502.6
-336.8
-143.9
207.5
88.2
-165.1
-59.3
-174.5
-212.9
-197.1
123.2
77
-286.5
382.9
-289.9
-403.4
-8.1
-110.2
-11
264.6
197.1
129.4
420.5
116.3
-297
-150.3
336.6
352.8
105.4
-192.9
-225.3
-310.3
58.5
98.8
-246.1
-128.3
-230.9
-165.9
-710.9
-281.9
-164
-136.8
24.2
276.9
222.9
153.8
-69.2
246.3
-128.7
48.2
219.3
386.6
444
-90.9
27.1
637.9
-29.8
-318
120.4
240.5
155.4
181.3
571.3
70
56.9
-134.7
-155.5
-59
-125.4
-43.5
435.3
98.5
544.2
492.9
161.9
110.8
5.7
274.4
-135.4
175.3
-280.5
-220.1
-104.9
422.2
-177.7
99.5
-153.6
253.1
428.3
-121.9
-158.9
-223.6
-23.3
108.1
-103.5
-85.7
-15.7
-275.1
333.7
-218
198.7
-35.3
114.4
289.6
-73.9
254.4
420.7
-184
-282.9
151.6
-284.6
-228.1
-188.7
257.4
-104.3
-305.7
-156.3
-108.9
-313.3
-501.2
375.7
685.6
327.6
-32.5
34.7
-312.3
-210.8
448
463
-255.7
831.7
-32.9
-315.6
450.7
-134.4
78.8
187.2
-234.1
-242.1
-228.5
-57
-344
-340.4
107.8
46.4
405.3
-83.6
183.3
332.5
57.7
42.5
244.6
215.9
365.4
0.7
-178.3
-285
-261
-320.6
116.3
44.3
33.7
-308.8
-88.3
-210.3
394.8
367.2
-322.6
-215.5
-276.4
42.9
121.3
-235.5
-266.4
399.4
632.7
27.1
-286.2
590.9
256
191
-434
200.4
-389.5
236.3
-314.8
-380.2
13.2
-96.1
-161.5
-33.6
244.6
-127.1
-8.4
640.3
172.7
943.5
-346.2
152.5
-130.2
-118.2
462.9
-318.7
-63.1
553.7
163.9
43.8
-251.2
635.1
91.2
-10.5
166.7
224.3
687.6
-216.5
287.7
159.6
100.4
163.9
-125.1
197.7
-7.6
-288.8
-331.3
59.4
0.2
37.6
-113.3
-9.2
243.4
-70.7
-312.6
288.6
-52.5
237.7
-312.7
683.5
168.8
-86.4
37.7
36.4
238.9
228.6
261.4
53.6
233.9
-90.6
177.1
248.5
46
-129.6
668.5
286.4
378.7
204
8.2
-270.1
-159.6
55.6
264.8
-69.3
-47.4
146.3
-84.5
245.6
341.9
52.6
-324.5
-158.2
-287.1
175.2
-105.8
-400
-133.9
134.2
-258.6
-230.3
69.8
143.4
112.9
-179.7
-107.4
-143.9
345.7
276.1
21.7
283
-194.7
86.2
64.3
43.5
42.3
-52.8
-137.6
-226
-192.3
-219.6
-71.7
131.7
216.9
190.8
444.3
39.9
74.5
-394.9
-19.8
567.4
-374.1
-293.3
215.5
846.4
61.9
131
-41.9
-148.2
-94.8
634.7
134.9
-199.8
-280.9
-297.5
-303.5
739.5
582.2
-140.9
-108.6
-82.8
52.5
449.1
-27.1
-325.1
332.5
-361.8
166.7
443.6
-246.5
-278.2
480.8
103.3
386.8
633.9
623.1
-168.6
532.2
708.8
125.2
-77.4
-32.9
-185.3
519.3
118.6
-94.7
768.5
118.2
988.7
541.5
618.8
682.3
-83.2
213.2
170.6
185.2
432.5
121.5
-321.3
-334.3
459.8
479.4
356.9
-130.3
-206.4
214.9
-288
432.6
-121.8
-234.7
-251.4
-235.3
365.1
-279.4
346.4
3.1
-194.9
13.6
-125.5
-88.8
97.9
-74.7
-641.9
611.2
-181.4
96
169.7
212.5
-51.6
535
526.4
552
416.8
715.7
411.6
27.4
662.2
27.6
129.4
-202.9
-102.4
127
6.9
-161.2
-26.2
45.4
397
405
529.5
-166.1
470.8
488
-61.1
-7.8
371.6
30
-130.4
-200.6
521.1
-143.4
-142.4
148.4
254.6
262.6
88
138.2
92.8
-170.3
36
120.1
73.3
227.4
-155.6
257.6
263
224.3
42.5
-266.2
275.9
422.8
100.2
39.3
155
92
-49.1
-216.6
767.5
206.3
427.5
292.6
266.1
122.1
-212.2
246.2
248.8
812.1
6.3
143.6
438.2
99.7
507.7
-178.7
-325.1
-266.1
313.1
-140.7
190.1
317.3
244.3
-268.4
196.7
306
135.4
508.3
192.4
204.9
357.1
84.4
182.9
315.4
250.4
154.8
-138.9
96.1
52.5
95
-154.5
102.5
304.5
353
-234.1
145.2
-130.5
-261.1
-9.6
587.3
-311.6
468
-263.6
-124.9
-26.1
156.7
84.9
-280
-244.9
27.1
438.9
61
312.9
164.8
-194.3
847.9
-202.6
270.4
149.4
246.2
-267.8
268
-57.4
461.3
-186
84.5
172.4
549.8
42.1
-5.6
340.1
-232.7
-78.3
230
-118.8
31.1
349.3
179.4
-96.3
429.3
270
388.1
346.2
-104
244.5
191.2
-421.6
-208.9
-184.5
-241.7
-89
229.5
394.8
369.7
-247.5
-174
-203.8
-37.7
316.9
-17.3
366.6
279.8
205.5
-105.4
402.2
210.5
-17.7
161.6
-83.4
-202.8
-81.3
379.3
330.2
253.7
331.5
-151.7
142.6
639
-149.6
290.9
-186.3
-281.2
-171.6
-126.5
-193.9
-209.9
14.7
-151.3
-48
137.1
280.3
181.1
-199.7
404.7
-179.6
-197.5
268.6
-22.4
127.3
181.6
258.7
-252.8
697.4
-213.1
-222
-104.9
681.7
262.1
401.6
222.2
-11.8
209.4
446.2
-270.6
62.9
373.1
-179.2
-245
558.1
138.8
196.9
-333.2
-19.2
644.2
109.6
129.1
-51.9
-187.4
207.5
820.1
-89
-208.3
6.8
84
831.6
166.1
217
-336.8
399.1
-44.8
20.3
298
373.4
430.2
381.6
137.8
400.6
258.4
177.4
16.4
50.3
231.8
-232
221.1
313.4
117.2
-62.8
1013.5
133.5
1251.3
-202.3
-114.5
-210.5
438.9
-47.7
-68.5
361.4
454.5
150.7
-326.5
160.8
880.3
343.8
311.1
-119.8
0.3
-164.4
87.2
557.4
-263.4
-291.5
90.1
87.2
-243.9
-173.1
110.4
990.2
937.9
33.2
482.4
-19.3
-517.2
-96.9
-352.6
8.9
26
499.1
193
1078.9
277.4
171.7
-138.7
266.8
397.1
-169.8
612.1
184.4
114.5
278.1
54.4
87.6
321.2
87.4
297.9
1084.2
1069.8
2.2
-81
768.2
-329.3
447.2
128.8
-292
-655.1
-66.4
-76.1
70.4
534.2
-109.8
39
256.1
219.5
790.8
-194.2
-233.6
187.5
-5.5
188.6
383.8
587.4
619.1
660.9
-290.7
45.4
723.9
585.1
350
694.4
223.1
403.3
704.9
252.3
184.9
1063.4
624.9
687.1
185.3
-312.3
66.4
185.8
284.3
470
-67.2
23.4
224.7
523.1
92.8
115.3
128.8
1229.7
687.9
-12.5
196.7
139.8
18
-294.1
16.8
283.9
8.2
42.5
9
-28.9
10.5
204.6
-277.1
-240.2
509
640.3
46.6
-660.5
28.6
69.9
77.6
235.9
21.4
487
-112.4
-70.8
275
-75
61.5
149
1305.1
210.4
-120.3
12.9
48.4
60.1
90.4
521.2
606.1
-240.1
92.3
112.4
775.2
1548.5
267.7
-415.3
-89.4
776.9
228.1
874.5
-286
-15.8
152.8
243.3
1335.7
562.9
-59.7
155.8
638.5
116.4
-526.1
694.8
904.7
75.1
-56.2
643
1195.7
591.3
270.8
-263.6
-44.7
184.8
397.3
188
807.4
182.5
128.8
-100.2
908.7
768.7
533.8
172.6
6.5
-40.7
1212.1
1032
1329.2
175.5
104.2
737.5
1616.5
909.5
520.6
81.5
127
448.3
1129.4
82
-525.4
-90.7
42.5
623.9
-82.5
-1.1
-119.4
1157.7
151.3
66
635.9
499.1
-338.4
597.9
176.7
552.5
-1040.6
-900.2
-159.2
-52.5
-513.3
-175.8
113.6
-815.4
118.8
64.5
-306.8
65.1
6.4
-16.5
426.6
555.7
-327.2
-212
-622.8
138.1
-663.2
632.4
573.2
-406.1
-444.2
225
-268.4
89.5
445
999.4
212
72.3
351.8
35.1
-952.5
259.6
554.5
84.3
124.9
214.5
255.8
-26.2
-467.3
-324.5
447.2
-277.7
14
448.5
463.4
473
241
-153.3
66.4
1106.8
190.7
-239.2
-75.3
488.3
267
-20.3
235.1
79.4
-531.4
692.1
620.9
66.4
-201.6
-212.1
-212.5
-285.3
179.5
101.2
85.1
572.6
277.3
296
-18.6
85.3
-202.4
31.7
-42.4
1208.5
-260.4
539.1
510.8
391.4
-31
126.7
-10.5
-181.9
143.2
419.2
291.8
36.3
237.7
169
222.4
302.2
707.9
102.9
163
837
14.1
306.7
-642.7
134.2
68.5
257.3
644.4
194.5
279.6
306.6
360.5
-47.1
46.6
-64.3
-231.1
-257.1
-32.5
157.2
354.3
6.6
124.5
-189
-97.8
529.1
-165.7
789.8
78
654.2
-81.2
359.2
435.7
1258.7
19.9
-663.9
522.9
181.3
489.5
292.7
59.1
71.9
330.6
448.7
325.3
402.8
249.3
362.4
148.5
478.1
382.5
250.9
115.9
144.7
206.7
262.4
373.7
-92.5
155
916.7
377.7
90.6
345.2
210.2
219.7
125.9
234
554
245.9
159.6
165.4
705.6
121
391.5
546.2
70.7
682.2
113.1
342
69.4
-6.5
-12.1
-258.8
-307
194.5
282.5
125.9
155.7
99.6
80.5
633.5
232.7
127.5
-200.7
-258.5
-113.9
274.1
390.5
456.7
574.8
-39.5
280
-81.5
510.1
201.8
-3.4
124
267.4
550.7
-104.4
92.9
412.4
156
128.9
596
-73.1
39.6
255.3
173.8
296.5
262.9
551.5
-46.8
13.3
182.8
114.1
106.2
312.9
318.5
-69.9
20.4
300.1
71.4
591.3
516.8
67.6
99.6
216.3
225.3
372.4
148.3
364.1
-137.2
-72.7
-48.2
164.2
-143.5
383.1
-102.3
179.5
324.5
-295.9
398.6
566.9
513
456.6
134.4
-231.1
330.9
385.7
304
277.8
6.7
221.9
375.8
113.2
56.6
430.4
74.9
29
246.6
182.3
135.2
198.9
176
-185.5
98.2
-54.8
652.7
-191.6
538.4
130.3
-163.5
-45
494.7
548.2
65.7
242
777.7
714.9
701.6
266.9
141.1
400.4
316.5
-62.1
-196.4
-352.3
362.4
-37
-190.9
237.5
122
573.7
368.3
56.1
78.3
1159.1
388.5
399
361.6
293.7
-176.8
117.5
359.3
286.4
220.2
190.2
160.5
586.7
-201.1
450.6
309
371.6
-141.6
2.9
219.9
401.5
207
98.8
-258.9
-208.2
333.7
-101.7
30.3
-149.6
-211.3
75
513.4
-198
123.1
207.7
444.5
395
212.6
5.3
230.6
412.5
-665.9
167.6
315.7
180.9
-315.7
137.7
160.5
144.7
-123.8
-358.7
197.9
95.9
46.5
-423.4
-215.5
-153.2
90.9
311.9
-308.4
353.8
626.8
-16.5
89.6
519.9
114.3
384.4
221.5
611.1
389.6
45.3
283.6
67.7
257.5
528.9
365.1
165.9
354.3
-112.8
481.3
355.3
149.1
592.4
-13.7
304.4
193.2
-675
314
79.1
-264.3
167.9
373.3
267.5
-116.6
223.3
252.1
33.2
485.1
394.7
258.2
145.3
332.1
155.7
176.3
213.2
20.5
149
142.8
-125.9
284.4
374.1
-55.4
-185.4
-68.1
119.9
41.2
-4.5
-33.8
-91
627.1
426
111.2
372.3
0.2
532.8
121.9
371.1
107.2
194
22.9
467.8
-237.7
369.6
578.8
98.8
-94.9
308.3
187.8
522.3
-234.2
222
186.3
-373.4
503.2
659.4
742.8
-54.9
577.7
155.7
-384.7
248.5
184.6
201.1
300.4
357.8
763.6
-55.3
576.4
251.9
0.6
-116
198.4
173.5
717.4
0.8
318.4
106
-119.9
-235.6
163
-0.8
317.8
302
21.3
-13.5
-151.2
-251.4
-348.6
300.3
101.9
219.2
252
603
639.6
270.4
412.9
244.3
421.8
224.9
216.2
-147.3
-172.9
-162.2
-149
162.8
240.4
190.3
99.5
405.1
-342.6
251.5
-328.5
113
279.2
-5
240.8
300.1
239.7
323.6
-293.2
420.6
2.3
-80.4
51.4
253.4
239.5
-348.5
191.5
-64
-292.3
329.9
239.3
319.8
141.5
-115.5
-220.4
233.6
349
-83.4
323.3
-38.2
-38.9
-13
246.7
148.9
193.3
285.9
248
213.6
-89
169
332.3
151.5
-40.2
108.6
270.2
9.8
259.7
449.9
85
-93.2
-91.5
-19.4
-176.1
215.1
351
102.6
304.4
261.6
294.4
185.9
307.6
-80.5
15.7
-74.2
215
233.4
483
279
297.5
239.2
497.3
174.8
429.4
166
135.1
92.5
97.2
-154.1
68.7
139
-187.8
-122.6
48.7
-81.8
427.6
26.8
612.4
385.8
341.3
196.3
201.2
135.7
290.7
278.9
493.4
328.3
225.6
262
324.9
78.7
-52.2
79.3
231.3
208.9
169.8
160.8
69.7
394.1
470.2
300.1
-241.7
162.3
122.7
109.5
249.6
545
-166.8
201.9
274.5
-101.7
79.7
-210.9
41.2
-388.7
-364
212.2
156.2
368.3
-219.6
-285.9
28.8
447.8
428.3
66.5
-7.7
77.9
-205.1
-136.5
513.9
169.7
199.2
582.5
-212.5
341.2
236.3
155.3
290
486.2
306.9
3.7
163.3
169.9
303
477.7
117.4
264.2
275.3
305.8
-225.3
-203.2
347.1
354.2
290.8
432.4
60.6
84.9
226.6
366.8
28
198.8
134.1
200.6
404.1
193.5
192.5
110.8
876.1
109.1
124.7
44.4
297.4
51
348.3
216.2
-154.8
869.1
272.6
307.7
237.7
67.3
-14.5
168.2
160.2
-227
-25.6
191.8
170.8
362.2
555.3
329.1
322.8
271.7
45.5
263.6
484.3
115.5
116.8
223
201.5
141.5
-13.7
87.6
46.7
120.5
139.9
271.7
409.5
176
84
56.1
129.7
197.6
171.8
153.5
150.9
336.1
-41.9
13.8
285.4
130
325
-92.1
-157.2
-75.5
134.3
320
366.6
-245.6
-317
410.5
89.1
14.3
125.8
101.3
480.1
578.2
327.6
42.8
116.2
182.8
133.8
348.5
-187.7
-64.8
71.4
423.3
144.9
-14.3
223.3
351.2
155.4
298.6
-360.4
-202.8
80.8
16.4
325
60.9
136.1
139.4
-132.7
-156.9
-57.5
65.6
315.7
114.2
7.7
371.7
91
298.4
105
-77.1
275.4
220.4
283.7
184.8
387.6
-212.8
783.3
67
-90.4
111.8
-152.2
-106
35.4
-1.3
196.4
313.7
134.8
-125.4
85
119.9
75.9
347.9
41.1
147
260.2
220.1
-250.4
-70.7
461.3
316.7
-224.3
-19.4
-257.7
-176.1
135.1
-163
476.5
390.3
-231.4
-198.5
81.4
337.3
405.1
41.7
14.9
-49.3
-11.7
225.6
103.1
-1
-87.9
502.8
253
-159.5
-265
68.7
568.9
157
476.8
233.2
-32.4
-70.5
109.1
66.8
152.8
344.5
10.5
-119.6
-71.8
278.3
142.5
-51.6
301.6
694.7
525.8
0.8
322.6
110.3
713
621.8
-218.7
-38
446
616.5
540.7
74.4
26.3
147.8
-235.9
172.2
43.9
70.2
357.7
9.9
-78.2
289.7
318.8
481.3
159.2
210.7
665.9
285.7
-212.8
266.7
300.4
-438
239.8
324.7
-92.2
-279.7
-147.4
-0.2
182.2
-269.1
-57.3
-186.4
176.9
278.4
241.3
50.2
165.2
202.5
301.6
26.1
672.9
235.6
615.9
-182.1
38.2
249.5
701.9
409.8
3
210.5
49.3
64
471.4
525.9
221
635.7
388.3
29.4
-188.5
19.6
-23.9
52.2
115
147.8
259.4
429.8
6.5
366.5
328.3
183.9
400
-22.9
51.9
52.7
224.3
499.5
135.9
-166.6
160.7
516.3
57
186.9
232.8
427
545.4
515.7
393
-425.4
-212.4
347.5
292
393.2
276.9
671.9
8.3
106.4
485.2
243.4
330.5
-59.4
51.6
82.5
290.9
-152.1
-118.6
302.3
597.4
-29.5
-127.8
281.3
64.8
-52.8
758.9
335.2
-151
-92.2
167.8
217.2
-21.6
23.7
-254.4
-67.2
83.1
-176.6
273.7
292.8
486.6
679.1
498.4
541.9
577.3
201.3
1059.5
665.2
202.5
540.8
-134
-277.2
43.8
-40.1
173.4
623.7
321.1
628.7
508.1
-2.7
254.5
526.6
-36.1
280.9
1341.5
880
1146.6
561.4
3.6
321.3
-114
1258.4
164.6
349.5
-165.4
286
106.3
422.1
668.5
53
194.5
60.1
1187.5
-241.2
524.2
-196.2
40.2
-92.8
93.7
236.4
481.2
143.5
471.7
-159.3
147.4
224
139.5
52.7
112.3
115.8
-13.4
-218.9
175.3
296.5
770.6
-86.5
82.1
163
161
81.6
-18.8
406.9
24.6
-266.1
287
630.4
470.2
266.1
369.4
171.8
576.8
236.4
72.9
612.8
445.1
737
8.1
73
498.1
630.9
422.4
449
-26.5
-61.7
-148.8
495.9
-78.9
-221.1
601.4
52.6
976.3
411
481
639.2
326.2
488.5
37.5
510.3
538.9
210.3
70.7
84.5
105.8
496.1
18.4
340.6
145.9
100.3
135.3
127.4
501.5
423.6
-123.2
485.5
505
471.7
171.9
26.5
195.6
9.2
-137.6
97.7
51.4
372.9
-242.3
284.1
74.4
140.1
100.7
459.5
-274.8
-144
-188.7
294.2
338.5
514.2
421.4
393.3
-111.5
416.6
534
508.9
98
156.6
131.8
7.2
242.4
30.6
349.8
492.7
624.8
486.2
8.5
372.2
-275.8
-148.6
109.8
292.9
294.1
-340.1
-206.9
-2.7
134.9
341.9
295.5
579.7
717.9
-42.3
275.2
98.9
134.4
636
-156.2
671.8
-66.4
318.9
772.4
445.9
758.1
53.4
159
123.1
279.3
430
123.9
89.7
394.5
273.1
297.6
490
534
239.5
67
384.9
-183.5
-191.3
98.1
-262.7
537
242.2
182.8
195.3
179.1
235.8
352.5
-231.1
-437.1
375.2
615.8
-33.4
522.4
13.5
1187.3
-117.2
-332.1
12.9
427.4
349.6
394.9
372.2
-116
-85.4
-103.6
118.2
305.8
-97.2
9.8
37.8
-249
-145.1
54.1
331.1
157
301.8
671.1
-60.8
300.1
593.7
394.7
-177.7
304.9
362.5
24.4
417.2
430.7
241.9
340.5
331.2
514.8
660.3
417.4
-192.5
20.7
416.6
18.5
142.9
156.5
85.9
172
380.9
-331.8
30.2
-0.8
35.8
302.7
490.6
403
685.4
165.2
7.4
255.4
436.1
-148.2
-178
365.7
-145.8
550
506.6
-114.3
-16.7
-66.1
395.9
-259.2
463.2
344.9
-102.1
437.7
-167.9
533.5
263.8
501.7
-2.2
452
505.5
439.9
-238.1
197.8
296.3
34.6
305.1
-34.7
136.3
381.3
426
138.6
422.4
-140.2
3.8
-91.5
343.7
-338.6
-115.9
-66.2
416.2
587.2
733.1
330.4
-65.5
-181.2
-215.8
-90.2
52.1
-142.3
-140.2
-8.1
4.9
-28.6
-115.8
165.9
17
-98.1
359.9
-27.3
-89.7
-78.1
-157.6
527.2
20.2
-100
182.9
176.1
754.1
561.1
690.3
265.3
203.6
213.3
320.5
256.5
797.4
583.8
0.9
-131.7
-5.4
284.6
284.5
572.2
35.8
122.2
318.3
366.5
-145.2
236.2
140
151.6
344.9
129
599.4
365.2
-35.7
78.8
-224.5
437.7
213.5
630.4
-202.4
101.6
245.2
269
381.8
-609.7
12.8
353.6
336.1
134.9
226.6
121.5
103.3
419.3
254.3
184.5
-73.1
362.8
107.7
520.6
-190.2
438.3
132.3
-149
465.4
436.8
399.8
-95.2
-107.2
465.9
413.7
724.2
-255.2
102.7
320.9
501.1
245.5
318.8
80.1
252.6
354.5
-52.9
491.8
151.7
483.7
-121.3
49.7
22.1
-89.4
334.3
94.6
253.8
394.9
213.8
-252.7
-76.7
249.6
134.2
69.7
429.5
137.3
176.5
-259.1
-214
213.4
-237.1
-3.4
159.2
243.3
30
-184.8
221.4
221.3
282.1
-11.2
233.8
790.2
-5.4
76.9
666.8
546.6
341.7
534.9
451.4
180.4
161.4
-7.5
569.3
593.1
209
449.3
245.4
335.9
27.7
402.3
-272.7
292.2
203.4
14.5
449.2
369.8
201.4
152.5
127.7
415.7
382.6
-10.1
-57.2
77.5
275.3
169
266.4
-65.2
96.1
135.6
376.4
-122.4
213
183.5
210.6
455.7
243.4
527
342.4
-254.1
194.4
258.5
-122.6
291.1
-165.3
160.5
22.4
331.3
855
-87.8
83
-103
146.7
109.8
-198.2
-122.3
-52.4
287.5
76
701.2
-119
-213.4
457.1
-269.7
-142.4
-130.6
604.9
-297.1
-56.2
-235.8
184.2
256.3
803.9
323.3
-75.2
192.9
289.6
182.6
269.1
181.2
3.7
-88.7
286.8
-200.2
123.8
-113.9
3.1
420
563.9
43.6
-217.1
383.8
438.4
137.8
4.7
180.9
-83
206.6
251
227.2
85.6
-216.1
331.2
-194.9
123.3
161.5
-303.5
-255.6
194.6
285.1
547.4
-251.1
401.8
137.9
108.9
285.5
657.8
244.2
73.9
68.5
331.3
789.1
316.6
422.4
-78
353.9
297.1
-184
-257.2
226.1
157.6
617.6
395.8
-240.2
139.5
249.6
273.4
325.9
-190.9
89.8
247.8
129.8
114.7
431.7
-143.3
-66.8
341.4
138.1
160.2
-215.9
170.5
261.1
-120.1
-74.6
-52.6
221.7
268.4
324.8
20.9
249.2
276.8
84.8
163.2
505.8
499.6
25.2
122.7
319.4
296.4
-43.9
111.1
307.8
207.9
108.6
-197.5
482.4
390.5
607.2
182.8
-65.7
-169.9
1.4
153.3
83.9
-87.3
390.8
164.4
135.8
788
119.5
60.4
-195.1
421.2
364.5
261
747.1
-21
-38.8
-154.6
-110.2
-79.8
30.1
534.4
-14.2
294.9
575
-143.6
747.3
-97.4
108.4
83.2
276.3
349.5
-85.7
363.4
-161.1
-18.1
251.5
562.1
868.8
-222.2
-257.8
-70.6
123.1
269.9
261
742.7
539.7
-183.4
-91.2
64.4
249.9
-43.1
776.1
313.5
336.8
348.5
-137.9
58.2
70.1
102.3
-115.2
-335.7
277.4
675.8
83.8
-165.2
76.3
52.1
590.1
407.9
-162.7
87
309.8
25
197.4
265.6
304.7
873.1
39.1
32.6
187.3
336.8
406.9
-123.7
340.6
498.9
210.5
595.7
130.9
178.9
7.1
229.7
8.1
349.3
-126.4
220.9
419.1
-156.8
230.7
585.2
661.3
-363.4
95.6
269.6
60.8
197.9
484.6
512.3
93.6
444.8
485
71.6
88.8
777.5
482.7
304.6
660.2
208.8
267.1
-35.5
147.1
-503.9
-116.2
331.6
322
689
26
280.8
110
797.5
199.8
112.7
25.3
375.6
233.8
-16.9
336.8
-398.5
261.9
-89.7
464.1
-303.6
242.8
294.1
103.3
686.3
944.5
524.8
598.6
524.9
51.4
158.8
178.6
378.4
107.2
575.6
376.8
708.6
147.7
126.7
139.4
44.7
1040.5
222.9
51.2
-218
-62.4
203.4
-43.6
-6.5
11.8
32
375
388.9
250.5
-22.9
268.3
171.8
530
92.5
271.5
-45.1
230.6
221.3
-45.1
688.9
18.2
87.6
323.5
68.5
494
113.3
1021.3
304
-1.6
570.9
629.1
360.9
15.9
-274.1
-271.4
614.6
88.2
75.2
345.9
319.3
842.6
65.5
-27.8
-273
342.8
506.9
-66.5
204.5
405.9
1.1
335.3
-192.5
-56.2
305.2
517.5
207.7
47.6
341.3
21.1
53
316.4
305.1
723.3
68.9
566.6
640.8
-156
287.6
328
-80.5
-123
459.1
112.9
796.6
158.5
440.6
225.4
29.4
829.4
231.8
217
76
154.1
210.7
25.6
-0.7
340
-200.1
74.8
51
310.8
127.1
406.9
174.8
291
652.8
328.1
82.5
228.3
265.1
-137.7
294.6
306.6
138
299.1
348.7
543.1
75
118.2
365.7
323.6
90.1
35.2
201.4
340.8
425
-71.6
-225.4
877.2
-79.8
-173
143
481.9
790.1
67.9
130.7
264
134.3
348.7
187.6
-37.5
30.5
-307.2
-10.1
72.5
287.4
244.4
1006.4
211.5
477.9
366.7
20.6
390.8
277.2
275.9
248
138.8
425.7
454.3
410.8
459.5
747.9
568.4
-2
91.2
528.6
458.6
93.8
333.1
-107.4
175.7
531.7
384.6
507.2
320.5
246.1
346.5
447.3
-232.5
14.2
-125.4
188.5
327.9
258.5
105.7
128.7
313
3.5
357.8
424.3
-78.7
318.2
194
87.1
374.2
216.7
551.4
250.7
317.1
395.2
450.3
-112.6
153.5
293.1
168.7
366.7
-253.1
-3.5
28.8
300.9
38
560.3
667.2
381.3
271.4
163.9
297.1
437.9
-199
359.7
347.5
694.9
-6.6
126.7
643.2
-36.1
10.9
21.5
-156.5
40.4
319
-201.3
427.6
274.4
416.7
41.6
174.3
101.8
323.1
-117.2
-59
354.9
292.3
402.2
261.7
330.3
816
-24.8
219.2
35.3
236
68.8
293.4
266.5
828.3
384.6
376
483.3
134
-91.3
176.7
786.5
-162.5
145
220.2
-2
424.7
360.1
316.3
101.6
775.7
246.4
397.5
120.9
40.3
128.2
54.9
53.1
48.4
321.8
157.3
149.9
32.4
138.1
204.7
249.8
380.5
1106.9
334
46.6
119.6
203.6
22.2
242.3
336
608.8
151.2
120.5
131.9
164.5
45.3
529.1
59.8
-56.2
-95.5
335.5
131.8
203.2
53.3
32.3
364.5
776.2
367.4
243.9
153.6
-155.7
235.8
155.8
-174.4
150.7
104
347.7
408.6
302.1
60.3
86.3
-39.5
274.6
-1.2
194.1
986
-43.4
49.3
-123
32.3
405.1
748.5
106.6
283.7
39.9
457.8
757.6
-119.1
519.8
477.4
1155.6
792.2
570.7
723.3
671.6
829.2
333.7
197.2
97
216.6
144.7
171.5
379.7
379
-77.2
479.2
96.3
-211.6
404.5
283.2
906.6
334.5
264.4
199.3
402
345.4
25.5
25.2
40.5
314.8
431
388.5
267.6
250.5
770.1
359.5
529.1
54.8
426.8
491.3
64
193.3
-159
528.4
24.9
-181
101.2
543.6
-213.5
464.2
-147
406.2
248.9
-71.7
89.9
375.8
242.6
44.3
-5.5
1128.7
407.2
449.1
554.4
204.4
368
367.3
76.3
-11.1
388.6
364.6
159.2
660.8
-36.4
-188.1
933.6
364.7
42.3
262.5
1129.2
-228.4
-12.8
522.4
157.6
376
921
-20
196.2
-191.3
-21.6
583.9
166.4
-115.7
47.2
355.9
217
501
192.4
106.2
265.3
-22.3
162.5
307.6
547.8
131.6
579
-176.2
409.2
392.6
144.8
-87.1
-12.9
298
242
1047.5
675.6
377.3
1002.3
340.3
253.5
77.4
65
101.5
449.8
338.8
-98.2
468.4
356.3
696.8
146.7
37.9
1148.9
1104.6
442.6
85.4
99.2
399.2
894.2
400.9
-63
61.9
-45.2
-55.5
301
361.4
312.1
1121.2
43.2
497.1
423.5
1354
580.3
599.5
1051.1
253.6
459.1
635.5
621.3
168.4
210.7
415.1
168.5
-74.2
394.3
504.7
550
957.2
554
442.4
106.5
844.4
52.2
0.3
-51
570.4
378.3
540.2
418.1
384.4
365.5
852.5
-18.1
15
774.2
332.5
372.1
178.3
252
836.1
407.5
430.7
104.1
243.5
118.2
422.3
582.7
-21.4
665.8
334
-82.9
270.5
435.8
1058.7
940.3
14
285.6
109.9
-52.9
450.6
-13.1
573.1
-15.6
226.2
9.7
781.4
207.8
-65.3
46.8
365.2
-28
762.4
-0.8
285.7
163.1
367.1
335.9
123.5
-130.3
245.4
-142.4
412.2
982.9
777.9
431.6
-14.4
275.8
578.9
226.4
255.6
356.2
342.1
300.7
722.1
819.8
351.2
-5.5
657.2
-86.9
-58.1
283.1
397.9
444.9
12.7
338.8
601.4
990.7
604
308.2
379.8
157.9
92
133.4
97.6
879
294.5
449.3
186.6
387.6
612.5
1022
611.6
55.3
-53.2
305.5
131.3
445.6
398.2
-73
-81.6
-55.9
60
648.5
112.4
-161.3
181.3
218.5
-45.2
-45.9
806.7
-9.7
929.7
-77
193
326.6
-38.5
290.4
873.3
869.2
374
-94.2
753
554.8
-167.9
329.7
1211.6
-82.7
627.7
-23.1
194.8
592.5
792.3
-47.1
366.6
337.8
374.3
977.7
456.7
408.3
755.1
561.8
595.9
-132.7
273.4
197.1
350.9
257.8
126.4
300.3
82.5
472.1
213.5
587.1
141.8
-72.5
193.2
568.8
325.4
147.3
257.6
45.3
124.3
320.4
181.6
957.8
759.5
1110.6
374.1
132.2
282.8
250.9
264.1
982.8
757.1
485
520.3
579.1
431.6
62.4
677.5
222.1
1109.7
679.3
417.7
155.5
390.9
374.3
952.1
40
76.5
1162.1
584.6
269.2
192.9
601.5
573.2
176.6
-93.8
-107.3
-14.5
238.5
58.6
719.7
598.9
615.7
278.8
-88.9
159.6
299.8
1276.3
264
291.6
212.4
157.8
887.5
383.3
-125.6
98.2
-102.1
458.9
139.4
240.4
124.2
372.3
1160.5
396.5
383.7
602.3
126.9
192.2
434.4
403.1
983.8
300.4
3.5
1250.7
285.3
158.1
132.6
-128.6
14.8
719.3
1276.4
106.8
395.1
-27.2
-74.4
-77.7
806.7
-75.1
114.7
474.7
355.5
401.3
438.2
-61.6
818.5
616.3
597.7
81.6
-34.3
580.7
356.8
177.5
150.8
59
344.2
773.2
310.8
879.1
1585
300.4
1085.7
332.1
-297.9
11.1
380.2
-293.1
515.7
596.8
321.8
305
735.7
1131.9
451.1
264.4
-87.8
461.5
290.7
43.6
447.4
-99.3
257.7
1115.5
1208.6
576.9
610.1
588.6
240.2
589.7
1298.2
980.1
419.3
-338.1
-325.9
-154.2
262.6
249.8
251.7
501.3
-62.4
-193.1
382.3
1261.8
470.7
196.7
199.9
497.4
-8.8
45.2
86.2
-33.5
-57.7
383.8
744.1
205
116.4
1199.4
439.9
179
-138.9
19.3
-52.4
81.3
-29.7
123.9
-296.7
655.9
583.9
325.9
223.8
30.3
754.4
1175.2
419.1
838.3
-288.9
314.6
779.3
558.3
280.2
127.8
647.5
1157.1
286.4
689.9
446.1
-48.5
29.7
296.9
912.6
1115.5
549
189
269
925.5
549.3
2.9
370.9
975.2
616.9
434.1
1472.3
1384.9
1016.8
485.1
-319.7
366.2
-159.1
-54.2
21
378.4
905.3
498.8
-115.8
359.9
301.8
406.5
37.8
463.2
1423.2
605.5
-61.6
621.4
1100.1
309.9
214
-120.5
1245.2
691.8
491
986.2
807.5
527.5
784.1
325.3
-33.2
-479.1
545.6
434.9
-18.2
969.9
428.1
537.9
-11.1
1100.5
268.1
453.1
932.9
-125.6
1934.6
979.4
109.6
434.7
212.9
642.5
377.7
400.6
335.8
522.3
-82.3
923.9
539.1
410.9
508.9
473.4
282.3
370
646.2
675.2
1129.1
1101.4
230.6
197.6
-20.9
446.1
409.6
1095.7
760.2
-6.7
356.4
964.1
1192.8
867.7
656
311.9
-94.9
1111.5
299.9
1486.4
745.6
-144.2
-75.6
1291.9
806
815.6
264.4
174.8
707.6
140.5
278.7
903.5
573.5
390.8
229.4
202.3
264.7
430.7
360.8
-268.9
233.6
819.7
1026.9
1516.4
732.4
95.9
430
-179.3
1348.5
1285.7
877.8
20.9
326.2
344
16.1
90.4
-57
1016.8
579.7
359.3
1390.3
516
-93.9
-83.7
-133.5
173.9
906.2
1466.3
28.5
353.4
68.9
501.4
642.6
-348.4
1737
417.9
56.8
133.6
311.1
388.7
1003.7
1436.7
605.3
-4.7
168.1
178.3
822.7
1859.6
733.6
538.8
129.6
151.5
342.5
257.2
423.2
346.7
492.2
162.8
622.8
356.1
258.1
546.2
101.5
206.8
769.7
408
-33.8
14.7
784.2
619.8
1814.9
606.9
1320.1
1086.8
865.2
782.8
170
780.6
651.3
408.2
-16.3
329.4
489.5
-145.7
466.4
392
304.7
589.9
666.2
938.9
629.1
729.3
198.3
1079.8
179.9
902.3
548.5
426.1
341.3
220
805.8
428
-336.3
457.5
400.1
193.8
1370.4
1119.8
375.3
382.8
429.6
354.7
-143
715.8
310
-151.6
670.4
539.8
721.6
-23.9
-114
16.5
214.7
559.8
1076.3
289.8
239.7
74.1
779.8
387.4
958.2
370.1
430
811
-360
183.2
803.9
-105.3
359.5
597
488.6
690.2
349.4
400
806.2
86.5
937.7
412.5
764.2
330
1015.6
107.7
539.9
808.3
315.2
494.8
258.2
675.1
978.4
-804.6
-675.7
670.6
263.5
557.3
-34.9
-263.7
552.6
255
-17.7
85.5
637
-81.1
1120.5
-674.2
1115.1
513.6
536.4
396.7
381.1
93.4
-78
557.3
552.4
-668.9
1264.9
555.9
1505.4
715.3
466.7
400.8
163
30.8
166.6
2.9
246.6
719.3
509.9
428
-292.9
709.5
333.4
1052.1
1199
1298
201.3
2323
-49.9
315.6
-226.6
347.9
437.7
526.7
1165.5
543.6
425.1
471.6
131.9
-106.1
93.4
83.8
294
439.4
126
542.2
874
392
-64
769.8
629
-55.8
334
498.7
219.2
327.6
-168.7
583.3
185.4
566.2
439.6
392.3
696.6
268.9
653.6
273.2
150.9
332.2
-180.9
460.8
-130.1
198.5
508.2
410.1
-62.3
622.3
610.5
471.5
-174.2
-102.9
698.6
438
873.3
-46.1
-22.2
700.4
-42.7
389.4
270.9
316.8
885.4
472.6
860.8
-44.1
252.3
504.6
932.3
-52.8
293.9
1154.1
408.1
117
848.4
286.1
251.7
415.9
-119.8
266.8
356.5
-83.9
-90.2
730
460.9
57.5
-568.5
885.8
197.3
1527.1
279.2
883.8
611.4
1155.4
-197.4
-72.8
206.7
-226.9
531.1
493.7
389.7
409.3
889.4
384.2
921.6
-99.1
955.1
121.1
785.2
350.7
335.3
101.3
-14.1
100.9
-61.3
105.5
190.4
-171.5
713.8
424.2
-116.4
-85.8
-127.9
252.8
665
579.5
627.4
236.3
-103.7
-211.8
889
906.1
567.6
461.1
644.5
471.3
830.2
331.6
499.4
859.6
586.2
-133.5
171.9
541.2
644.6
651.8
827.5
767.3
1123.7
33.5
500.5
990.8
-15.2
-30.6
705.6
585
663.4
519.7
-517.4
351.7
-57.1
41.1
175.4
797.2
542.2
-101.3
467.1
-21.4
-106.1
-149.9
603.6
65.6
934.7
-52.2
112.9
-139.2
538.7
587.9
721.2
419.4
418.7
844.5
72.8
-146
922.2
310.5
52.4
396.3
-27.3
10.8
418.4
996.4
459.3
432.8
-101.8
174.6
519.7
391.2
322.7
-56.4
17.6
19.2
685.8
395.2
390.5
440.8
2.5
-90
-298.6
417.1
291.3
249.9
290.4
-481.1
-91.7
-84.6
188.3
-107.7
-75.2
-20.1
-131.1
687.3
215.6
1005.5
355.4
665
726.3
660.6
279.6
542.3
474.5
1020.2
892.5
243.5
225.9
114.5
494
468.8
607
101.4
-7.8
327
305
167.6
-31.7
722.2
833.3
122.3
-21.4
-52.1
475.4
735
746.1
569.9
1221.6
14.3
495
-67.1
-212.8
634
372.4
-149.2
276.9
-180.9
-70.1
1121.1
825.5
255.3
153.4
281.5
280.6
240.5
533.4
-150.2
301.2
738.1
620.7
703.6
641.9
-259.6
33.3
690.4
449.6
458.5
290
496.8
436.3
481
816.3
121.5
526.6
1003.8
80.7
568.2
483.4
691.7
-157.5
540.6
476.1
552.9
481
340.8
128.7
632.3
673.8
401.2
97.8
409.9
594.4
-83.6
604.6
398.8
674.4
492.4
457.1
869
796.4
740
258.4
221.2
166.7
1141
14.7
784.4
637.6
605.6
752.8
443.3
965.1
124.2
171.7
474.4
1125.6
-248.8
328.9
878.5
572.5
-36.2
399.6
552.1
-178.5
-120.3
-26.9
100.7
249.7
455.8
177.8
-71.8
675.8
172.4
424
454.1
289.8
603.8
604.7
275.3
318.5
440.5
366.7
211.1
563.4
735.8
576.2
786.4
434.7
583.8
473.8
-128.1
-171.8
208.2
682.7
408.1
72.2
493.6
-26.8
-38.7
19.2
71.7
105.9
588.4
590.2
592.7
630.3
461.8
-78.2
27.9
322.9
814
457.2
556.1
-169.8
-64.8
-165.7
57.1