66.501434
59.588921
56.023457
51.04409
51.00629
23.135696
22.229622
28.644182
29.953608
38.061615
38.725666
32.292885
32.320477
32.824116
45.520855
70.777145
35.088501
32.417038
13.091893
34.273705
34.562527
48.652222
82.284325
70.391556
60.172916
39.805573
51.590611
57.925999
50.8923
50.997402
69.290962
74.981636
40.845707
43.238205
41.039688
40.63908
41.294373
41.132263
64.64045
42.136002
73.393021
68.170517
68.732941
89.474365
41.583412
58.736267
64.244728
63.577267
61.512074
41.462582
67.833656
9.125009
10.042024
47.436649
59.184296
47.351357
59.266129
57.869175
66.893677
68.886497
73.610458
45.927155
45.984367
67.446861
46.021713
45.411072
60.288666
46.84761
58.94323
60.71426
76.99305
76.958107
76.898125
77.114449
14.553573
60.945396
45.972244
45.71096
47.147587
76.336769
47.901802
49.779499
47.141727
62.501568
62.277615
62.255985
72.962234
69.410744
46.298428
45.195187
44.152988
50.693455
45.34515
44.439877
45.852131
45.441284
45.274551
45.166523
73.516167
48.426792
47.170677
65.9245
60.068489
44.621246
59.547039
46.237751
44.159946
72.206993
75.166328
56.018723
43.334892
57.528809
44.501789
71.90609
73.379242
50.906139
26.346367
49.315193
74.3675
49.349335
21.909332
44.345219
22.074028
22.090208
42.814198
44.836765
47.051037
50.051689
47.200409
22.340649
48.012787
54.782406
46.123302
47.357906
47.20306
21.571306
20.876617
46.451004
48.605652
50.659481
71.977242
20.700584
46.95816
21.668985
69.353012
45.636593
45.615044
36.07563
36.269302
41.206936
36.218838
45.187893
12.020347
52.125015
66.501434
52.893345
40.815083
65.534462
48.063614
33.346241
33.219475
28.829273
78.572899
45.62616
17.571259
64.340736
46.86768
53.987637
26.771151
46.360329
33.920403
43.451843
38.263988
48.972496
64.470299
37.033249
32.120712
34.82449
32.156548
37.671478
20.191936
29.010361
21.467651
21.44669
48.348595
48.480827
34.40847
26.56505
46.709812
14.225964
14.199199
60.855801
45.872456
2.507702
6.063625
53.972626
70.571579
42.646702
62.105114
62.003082
62.007946
40.815083
39.463802
82.763077
82.613754
62.87989
1.169139
24.443954
63.570721
7.765166
14.081934
64.431297
11.496563
22.833654
8.530766
51.709839
58.249775
20.556046
56.309933
46.96526
52.633331
23.923815
10.954063
3.17983
12.327771
46.559719
18.14411
39.756954
39.765011
55.238197
46.361851
0.670191
43.231335
0.971022
4.184916
29.560354
45.84874
45.961708
45.969753
42.69857
26.236712
16.591923
45.932133
47.345745
16.600014
28.005617
7.740341
1.467019
44.056389
17.132996
41.398724
41.407635
16.889883
36.283398
45.903889
70.974396
8.564519
48.447388
56.367458
56.393314
39.667843
45.682056
40.532841
46.461987
46.469978
46.224663
15.649169
47.439697
47.313721
49.419872
45.329254
39.174549
40.200165
40.050869
40.155281
86.048347
71.240288
71.505798
66.747406
71.207703
47.279224
78.929794
45.39333
59.65675
39.090199
2.225924
39.48069
46.622261
52.478168
35.293346
6.037683
59.360279
48.383007
48.381413
47.982937
43.754635
18.000074
61.061749
61.071167
18.199165
5.121317
55.231045
78.690071
5.614427
61.159492
37.290668
66.221085
4.714755
37.339153
42.709389
34.695152
81.869896
63.655743
24.527719
42.43623
40.057671
55.619656
79.380348
20.068516
41.423664
41.462872
36.724106
64.846886
72.793427
6.574573
25.22765
72.635345
47.371841
86.593559
78.818245
78.709518
78.626953
64.675819
79.133568
55.413109
86.65535
70.201126
86.36705
87.588966
65.051331
22.567009
82.333199
87.95459
14.082562
63.352863
21.960564
13.680573
77.248756
59.395546
79.494934
70.144783
21.175739
21.395121
69.576057
69.579514
47.998466
73.846069
61.916416
50.867504
45.360348
65.736168
87.492294
85.487473
4.443109
38.606632
80.909721
68.320152
68.261948
72.398819
8.704085
46.882282
8.256583
20.84598
87.397438
35.306835
58.357124
87.309258
34.207867
49.830421
20.868431
34.527973
52.272221
52.277237
52.276897
37.31155
13.610361
75.036461
34.667297
52.387482
7.610819
69.705032
69.802979
54.569576
59.568836
60.212479
48.350731
59.616405
59.525417
59.54018
13.198903
60.292091
35.584373
35.561886
35.423733
58.510609
58.452412
71.12384
58.429115
75.220726
39.720718
75.529709
47.1409
75.519905
13.775766
35.900051
10.247864
12.485467
73.948456
53.87587
73.495636
0.725224
9.614569
51.220951
51.211906
21.185034
36.013058
74.67849
81.12944
74.842728
82.982056
32.949215
76.651276
61.113419
84.035515
20.591511
8.401411
88.675476
62.972904
66.351341
31.349581
24.695526
66.361908
78.392586
75.010139
1.380354
1.663467
63.265434
31.282654
78.126907
20.903067
15.428528
75.927025
79.250908
62.212132
62.191853
20.626562
32.24247
24.337088
61.991909
55.259518
14.036243
89.798851
20.854458
89.292679
45
73.903374
89.56131
89.376991
89.4254
61.918968
79.121391
77.323311
73.315483
9.299242
27.49914
26.662493
26.607424
13.523161
28.252836
29.514881
80.903854
51.384014
19.323183
45.881405
32.334934
26.902411
52.072071
28.401434
61.802681
62.297859
23.943899
51.903553
61.728901
52.190388
47.985512
89.815254
61.525795
28.427671
51.939819
48.621487
61.271519
61.532833
30.963757
66.945625
15.816022
14.832724
20.538357
73.68615
62.115517
55.819397
55.760796
58.225803
42.347267
50.906139
13.226872
60.530579
70.576477
61.563206
19.634729
19.655128
12.319445
82.965637
19.634201
15.910805
24.185936
17.000093
82.973106
9.496859
15.711894
59.336319
72.708412
20.15045
15.529202
73.189537
15.759809
5.764496
14.079874
5.761089
45.971024
15.56151
15.771962
15.931094
24.158079
24.185936
72.628532
72.831825
63.58205
72.809402
72.805992
60.398998
72.931488
72.730255
4.019582
47.657391
60.821209
47.739948
44.676296
33.929798
62.256138
31.852758
42.180893
16.649897
15.417359
50.084103
60.475254
14.835415
26.41688
26.762728
25.611952
72.499443
53.518421
25.173157
25.684462
57.647705
42.634109
25.460691
5.872628
25.836653
25.740707
25.452446
9.782407
73.851929
6.231746
45.316547
25.669739
6.247686
42.164631
75.529709
8.986296
88.331665
88.323807
63.139992
2.920722
63.509167
73.739792
58.209023
4.289153
45.888233
38.469727
0.846674
87.896866
63.434948
42.455196
27.824097
62.254398
43.657375
30.113733
74.577477
5.06561
5.103615
36.189861
1.218875
45.219524
74.577843
82.69046
3.960312
31.476839
7.815294
46.115353
13.631094
13.622935
28.886581
89.309723
87.659889
20.988398
8.702224
86.038475
68.482872
53.1301
19.540909
14.693413
3.301866
61.45496
83.541183
71.737106
28.635082
31.202915
27.198128
75.323608
68.249794
31.72673
88.371178
72.84758
59.517708
82.698265
67.306206
43.707832
47.624622
29.192287
49.738552
49.701
21.65233
70.634186
64.791191
79.875328
45.629601
37.211521
2.121096
45.624374
32.945042
73.9067
36.924103
71.312645
34.240311
2.740791
26.665924
46.243286
14.988825
50.739586
39.579407
39.486221
63.222481
7.594643
51.431644
15.945396
37.458221
58.2206
36.857597
37.241417
22.215881
52.364861
11.5955
72.332359
85.486015
85.457985
87.9104
88.285927
88.319435
7.916402
77.842178
71.212387
75.571083
79.036613
78.088783
55.137802
55.147015
84.781982
87.113029
71.091545
11.218842
77.574059
67.912827
47.862514
18.477171
87.597702
87.97831
87.845047
68.431686
47.871964
89.282043
87.726425
87.966293
88.018143
68.535057
87.758896
88.179474
76.68541
87.697807
70.956482
86.20694
86.039688
79.682228
70.982964
83.659805
88.024254
84.443459
88.257751
70.861427
89.715652
81.646645
83.864265
66.801407
80.996803
63.434948
9.76003
89.443748
16.776514
35.629696
85.089935
43.672192
84.988358
88.884895
85.030258
85.06649
85.03054
80.940727
10.124672
70.171867
48.275982
48.287422
70.148819
48.447075
71.087601
39.199375
5.607432
81.650528
81.638863
70.325897
68.741524
67.679047
13.266481
26.49131
81.202591
82.366669
55.768147
67.285591
56.8587
6.340192
65.94265
65.923515
39.463802
39.460201
71.93351
71.935654
55.973469
8.620596
69.159081
67.890549
75.087967
65.357285
74.015198
75.030449
75.074806
74.948296
9.609073
21.884027
84.964912
5.460213
84.088921
72.51989
84.22493
84.409492
23.763823
35.582569
3.715289
69.872513
60.538525
64.964325
65.975182
74.725044
79.093742
80.615776
81.869896
74.864166
69.911133
80.681946
20.332001
57.606613
74.054749
80.734596
65.92205
42.939156
80.728363
59.108925
42.510448
57.824791
88.800262
58.383591
57.787788
57.524387
57.55138
57.548855
57.369946
82.036201
80.690063
57.548962
57.545788
49.312504
80.898872
80.916107
67.045914
71.89624
5.174934
81.753296
79.523499
20.786352
81.768127
81.565453
81.906288
80.227455
77.915459
57.458187
77.921471
81.726028
80.226776
54.481014
54.495037
83.808167
59.084553
62.878696
25.240528
54.375465
55.415833
75.571083
58.796112
21.497889
55.336555
2.131613
74.21833
9.503248
74.407021
9.828685
83.796555
74.192917
74.170189
74.595665
74.169189
32.658142
63.213943
10.529069
73.756538
3.201127
3.182367
6.797883
12.450206
84.072266
64.348434
12.418745
12.350916
12.423266
88.420815
88.404343
64.306297
80.56385
6.728058
62.020527
44.424183
82.1297
80.60788
87.926849
76.354744
54.192242
83.94101
64.013672
53.083595
80.185768
83.620087
87.149307
72.362732
36.714203
81.149109
5.764274
51.58807
51.477901
87.165886
87.256409
26.403048
83.726921
73.81395
73.848778
26.445929
62.409992
80.209755
87.797401
69.443954
80.929298
70.837662
61.53484
81.264687
80.915054
60.708637
89.470726
78.139275
0.550904
65.452362
52.086895
73.818405
60.886536
50.863873
84.451813
60.464718
5.39276
59.139107
57.455696
61.02029
87.18235
47.99218
5.351332
52.032455
35.033794
87.403641
87.426476
6.408094
47.957943
44.870079
76.827446
78.097816
61.201729
80.537682
83.23764
61.957409
1.982524
83.290909
83.469582
83.194977
83.18335
49.201935
87.355423
83.180695
48.853481
82.941162
26.955687
59.349331
83.046928
80.255684
78.358879
26.98789
30.411081
60.447388
59.840324
78.365181
74.795273
59.875683
58.549175
74.606148
59.812119
59.614189
59.625134
20.081978
83.824821
10.040581
53.649506
78.105095
58.204834
74.766006
13.96779
82.751778
10.954063
59.071812
22.245253
84.051331
21.735374
21.708502
11.286237
11.309932
41.123459
41.224632
47.209129
47.207073
22.494295
16.318747
85.167648
80.308418
84.289406
67.188339
59.558193
75.791786
21.586336
27.963495
27.986019
56.745632
56.761028
74.298485
45.618721
83.483963
83.251602
81.955475
84.029037
84.008171
46.673332
0.752199
61.267418
0.641344
50.835617
76.948334
76.476837
5.394501
77.047234
48.163883
73.941719
81.414062
75.581184
57.968212
56.839943
80.802177
86.323395
67.166344
75.413834
75.630989
75.329086
63.691879
57.226585
58.299053
37.371849
37.36935
67.536789
58.216324
67.600395
84.970924
76.160942
22.561556
62.576649
45.847866
76.693245
54.234905
14.444036
76.216286
76.116707
75.964973
10.725524
33.236004
26.368834
15.569217
57.511749
57.486378
73.532455
70.007103
78.667763
76.186806
57.007126
46.432095
46.617138
14.292255
8.809701
46.616066
86.701859
7.51957
37.979221
62.420971
0.121647
76.268669
71.788574
71.745224
22.142706
73.081985
88.158981
71.601021
87.694031
21.507803
61.263397
73.584717
70.748718
10.053551
89.780479
71.536896
51.662476
51.649021
77.458092
10.115361
68.743652
87.709389
57.122585
55.119053
12.953351
48.404518
1.636577
18.299498
73.712639
80.805702
71.402184
83.367485
69.10421
66.885796
11.050442
73.753098
78.117607
71.422523
13.475798
74.34906
74.323853
77.837799
13.594273
1.156036
83.493057
58.461792
76.651459
66.037514
13.785388
15.456928
71.850815
13.841208
89.772636
76.580719
13.721483
53.947586
88.451843
61.942612
67.211197
69.637169
65.498772
56.717434
77.128258
72.913773
4.495862
28.591913
21.637941
57.451992
79.618843
80.72097
56.405506
88.567902
45.181892
80.610855
80.636536
56.12146
60.860069
77.558784
73.18354
71.918724
34.783634
34.7976
58.97736
78.808594
57.627254
64.175804
28.886581
57.264774
79.045937
62.622295
80.396652
83.235764
59.585197
80.47197
83.152008
45.65398
35.073753
60.090298
77.706161
35.00703
65.535591
43.560711
77.643547
45.842525
82.655701
43.669544
73.523117
59.68037
59.668602
77.327682
59.65675
80.513794
81.702858
75.189178
75.189735
21.485443
60.35368
14.74951
77.852051
59.630795
54.835621
69.837395
8.999251
72.632553
54.984249
38.565262
46.033279
53.19611
83.297821
16.025867
76.184975
53.225544
61.975498
80.087959
45.444962
54.972057
11.209502
55.268524
80.370049
76.494804
60.708637
71.983261
53.655869
59.456741
82.471497
53.991825
50.766754
79.967926
55.373711
78.162392
65.839088
77.67083
56.339993
44.066925
44.530373
45.089687
71.772392
35.537678
71.254509
77.647667
51.685482
51.691914
45.188953
45.536934
45.1101
49.267895
45
76.094208
78.554939
44.909809
55.41851
80.560066
25.58153
60.446316
77.399406
44.88625
53.389946
44.117847
80.038284
27.014618
79.628418
87.572731
77.441162
75.784149
76.458344
67.988716
46.123302
28.565838
58.520069
79.952354
58.504555
46.60788
76.69194
53.773212
53.461288
36.027374
61.049004
53.775055
36.149937
4.772849
66.896637
61.240768
69.236534
75.576279
6.780407
21.901884
85.405746
68.098419
75.388992
55.495796
43.002121
42.988876
43.565147
45.437363
75.475365
56.399975
75.365593
75.348167
41.598045
64.304466
44.437191
46.974934
27.474432
52.897087
42.736523
52.87394
20.379324
5.104377
61.727962
80.26577
44.66494
35.837654
66.581299
81.710442
46.675728
75.272552
76.060326
13.24052
66.692169
73.6464
79.427925
63.009495
57.714966
27.95097
0.77422
81.361504
81.511055
81.506775
28.278517
12.636709
81.750656
57.827347
9.93211
61.235424
82.246841
2.212042
61.230549
61.230198
5.738304
78.640884
41.760399
1.974934
2.005808
89.462532
5.833889
32.231544
71.644295
6.842016
24.863697
87.105484
34.166649
83.94976
89.678116
34.097759
67.976944
37.622135
33.398487
33.383686
33.463577
81.825584
89.153328
47.598194
47.58976
47.583912
74.370407
52.731785
52.755722
0.572939
58.671307
0.63924
77.708649
54.401745
31.736919
82.697273
7.803487
84.998032
74.735428
56.051456
56.047295
6.927871
56.144009
37.504143
72.420151
49.358746
47.557903
60.31012
49.285473
49.245571
60.292133
7.677075
0.493917
83.42614
79.967285
48.190235
48.142433
6.671067
2.426336
22.301292
22.282953
6.929468
6.909485
24.468975
6.954541
0.916654
43.032597
49.748493
80.016502
80.005615
81.600906
81.497528
48.677193
81.01133
42.787514
9.174303
8.567466
3.063073
75.188187
3.121231
55.516724
78.629646
43.447849
55.222168
83.922958
81.457207
75.664566
6.888258
60.701675
56.545113
24.700487
5.889679
69.04422
77.168221
81.62133
7.350859
50.508949
54.308563
67.86451
67.811966
36.368416
70.758125
8.082633
8.398354
8.475821
54.453545
65.665535
82.665619
28.720327
19.822466
73.367317
47.876301
1.427002
42.894218
55.016285
2.528963
36.547318
2.635185
2.659504
66.037514
68.331017
52.719387
8.932159
9.923482
3.153368
80.420952
2.093977
37.753853
2.55615
3.254116
53.332561
53.942753
53.985977
2.047942
80.294823
5.551498
56.66328
61.633533
53.890301
6.210377
61.821411
6.02753
11.458752
43.378853
38.659809
36.149582
86.95816
88.929176
15.694924
88.862114
62.89949
79.266884
6.313933
39.630829
83.320114
82.352318
70.269638
0.815129
22.959717
84.879646
67.395264
81.147186
78.971321
78.930382
16.17757
84.655472
29.998682
74.269409
84.344833
50.056408
72.463463
66.890884
73.839851
75.413811
9.396879
22.853767
82.707146
55.967873
79.230629
80.244141
14.257035
70.517395
53.378674
53.441959
55.00798
58.438187
28.740545
71.79454
22.577026
68.16053
65.668755
59.898697
28.532454
70.284683
56.801128
3.860733
75.988495
70.363182
39.340519
78.527779
42.789181
4.353626
67.109451
79.06694
25.395912
48.168121
22.417746
8.8549
79.271141
42.787888
41.105389
79.150864
48.164452
86.726685
76.184975
80.770111
9.775221
17.897337
20.751541
84.110947
54.508774
84.061417
57.467319
21.073809
57.438229
12.021217
49.46085
16.745455
80.92363
16.744743
50.117313
80.912231
47.743141
9.414175
85.698669
89.779205
1.435085
6.568764
30.961184
13.213737
80.482712
73.532455
22.328655
67.146721
31.095572
85.683975
79.252724
69.958473
89.22876
89.227074
71.078133
64.52562
53.26601
86.834793
48.058697
16.4293
57.893745
80.863655
39.510841
76.469505
68.29097
39.539787
69.100067
69.077827
6.962706
40.236359
67.982994
21.144457
77.020226
69.526466
70.952286
20.944778
12.925999
6.590609
39.122608
9.47815
26.429279
37.928013
83.960457
41.94342
13.775018
66.696518
82.779709
14.080148
4.605825
10.195988
85.072891
70.673676
21.943405
70.928459
71.448601
84.326164
80.12117
4.48627
19.249525
78.294411
79.324455
81.850426
81.840103
11.402494
71.448708
68.614273
85.123093
32.334736
78.08091
0.766453
30.465546
32.391392
37.495892
48.712376
68.601051
19.671356
4.519911
4.512426
56.017757
48.65583
69.186134
49.053783
14.794922
17.402704
69.31234
75.117737
3.758556
52.206059
11.560131
80.155823
81.263023
80.036194
36.371941
80.785873
81.324867
16.699244
25.253162
14.459016
85.067909
14.398717
6.517889
11.065365
11.053994
71.535004
71.537949
65.547897
68.059097
21.545198
76.500526
76.541435
73.333206
3.471615
76.454437
76.547302
81.266319
4.308665
4.151881
49.846821
21.860538
56.741367
76.413193
56.523724
76.908615
37.171749
45
10.341645
36.528854
2.783021
33.479679
6.922769
52.678223
12.115242
19.916407
69.863693
6.406359
7.664961
59.783787
18.027336
43.921619
75.786507
18.029125
79.12281
18.18512
6.453272
5.666225
80.022285
80.480682
16.99374
9.686529
13.235254
19.150503
81.032265
81.01429
77.657608
80.703079
77.068611
20.741589
19.158693
7.843615
11.823697
11.82115
12.528808
36.666512
71.029594
45.889099
46.842213
28.442928
7.211383
15.488914
18.708912
20.112129
76.375786
72.377701
18.7244
18.771318
18.801254
18.978271
10.281387
10.28168
2.526117
22.567009
4.415622
10.031128
9.053329
14.036243
61.602745
85.252113
10.137684
14.012877
6.632515
18.110746
57.28767
10.137804
11.04555
20.592331
72.141281
50.906139
11.630861
16.166677
36.04451
46.397182
10.536986
6.665497
74.33622
81.1828
57.769184
6.795487
6.858964
69.600731
59.264511
51.411743
51.411282
10.313421
82.701363
8.594421
10.997413
36.087952
72.081154
10.214419
69.154022
36.444336
75.810661
58.501583
48.396358
9.827219
72.095551
57.856243
36.122478
75.507729
53.504639
45.083645
10.349496
37.180824
80.636551
80.613747
52.749207
68.736984
68.782028
18.12541
21.239311
76.663551
73.217079
0.96611
11.947277
9.751529
11.740935
75.529709
84.816223
8.982492
9.380695
9.587833
35.561062
53.467796
16.96307
7.934991
9.315112
8.868925
71.565048
15.971806
5.429182
12.306901
8.483808
22.353197
35.808098
73.523117
61.222908
9.188836
10.720156
9.379921
9.221484
77.675415
48.443443
10.506225
9.420723
9.216347
4.920616
77.000587
81.407669
60.05122
9.252532
18.792482
33.933968
79.997963
47.072025
10.979003
9.77854
10.126569
9.439748
77.424362
11.140028
8.091553
9.888751
8.820825
29.616167
11.011325
10.583741
9.378252
8.938519
66.747406
77.331467
79.798088
61.282646
8.99174
73.765091
61.279675
8.303308
8.80209
77.35067
6.898912
8.286755
32.084064
73.187492
22.66946
23.407528
19.48613
77.433777
77.68438
73.037064
73.043396
72.954819
69.129028
86.027504
73.377533
81.760345
80.259422
73.053299
74.054604
46.377983
7.737962
14.036243
27.030861
77.371284
77.352081
77.359245
5.096387
11.297632
19.873787
15.010136
75.86705
73.056747
36.348404
72.938019
12.054959
15.945396
10.733413
77.200653
52.352379
8.299388
44.471943
11.167387
14.331073
18.970407
52.327412
5.912467
22.539762
0.844076
52.310211
73.116554
74.559509
8.121186
77.54071
73.610458
14.483652
6.054192
19.592281
7.341269
13.456423
75.857651
8.347406
37.169731
84.764046
80.340111
2.905744
34.172546
80.45459
76.961342
74.841499
73.168213
7.573705
5.343056
63.217098
78.067291
77.984085
68.763824
76.030403
35.637611
6.532833
63.257565
18.683699
27.907021
17.922497
67.04126
64.617882
89.634483
49.88586
49.903458
7.745309
7.447922
9.591843
22.354553
18.75563
8.513738
69.933784
47.297165
79.301582
77.261612
17.588276
11.234429
51.959747
0.727856
0.735867
3.589497
16.361076
2.998467
11.420258
10.565873
2.678389
10.988651
9.963804
77.905243
79.019196
79.796371
1.978522
19.567129
7.284024
7.2801
8.69142
2.822155
57.003304
69.815819
79.794044
79.812569
79.809723
47.952469
7.827753
8.689289
8.683854
34.850227
67.0037
8.658053
19.259293
67.076286
11.056546
60.888195
19.020575
75.641457
14.838232
11.630273
5.110829
13.290801
78.31675
24.304548
54.191013
22.826008
27.407576
14.036243
14.105256
28.118624
27.967115
38.934113
12.313581
13.616471
19.334808
53.931019
26.632221
11.371475
28.637516
61.762554
89.06337
2.597845
29.631536
8.83483
88.954575
34.052441
6.735119
19.308674
8.163691
29.156918
56.020321
9.949028
8.085117
84.776054
2.744956
43.551819
51.991005
32.905243
10.804395
17.244484
10.1173
17.211115
50.405754
19.545551
7.727143
25.84889
10.26444
68.79718
70.175003
73.463821
70.883667
10.966391
48.046482
50.443768
53.812164
6.688762
44.427696
19.693481
34.20623
39.263893
85.636124
72.949829
57.306602
25.901743
17.891119
16.667763
22.630598
11.186867
27.170265
57.193668
16.014322
32.592583
63.758652
42.709389
5.297101
18.899385
77.266258
11.453891
9.36651
74.769722
9.447312
17.378372
77.815239
10.574722
10.183418
75.997719
24.443954
24.710798
3.884492
77.17318
71.744659
9.016049
7.493509
7.494573
25.65727
29.433681
53.750931
78.442215
28.077864
10.691593
18.008739
18.322683
77.554161
42.236141
11.147507
21.070375
18.938082
8.078923
30.366697
78.748795
78.739754
77.182106
7.383943
7.719963
36.982906
5.14383
89.737175
30.165009
69.464684
24.632656
23.001291
23.130587
16.733595
7.566944
85.69072
76.010803
25.035673
12.913964
4.308665
46.898613
11.551007
30.416519
8.053572
70.930809
35.125237
42.4762
11.623402
27.788263
54.816898
42.291656
43.646809
36.84491
81.764091
8.615648
8.535709
3.103359
81.511055
17.592424
36.102589
81.708733
77.435928
14.955031
19.102011
69.849251
28.545555
18.714022
11.821488
0.850023
20.101583
8.139026
21.913792
25.504139
81.706749
81.176468
69.712074
28.393019
42.00378
80.299606
75.322037
7.704392
12.121015
58.920959
75.533173
85.308052
4.834947
24.704273
5.247139
34.99202
34.982487
80.189209
75.270294
14.972876
26.985949
53.623108
21.370623
85.215469
4.236395
5.197103
3.67195
5.228256
20.397205
67.127609
47.402069
18.666368
24.227745
43.214073
51.559212
74.07914
78.898827
16.169031
3.033624
50.194427
74.086411
78.917625
4.876171
6.054192
80.018173
75.871246
4.873113
4.129495
27.2052
24.676863
3.401491
5.158646
6.268453
78.912415
48.96191
15.176187
6.170175
74.132439
74.916939
40.06638
40.041168
40.098064
3.958194
32.759418
36.794476
78.223267
4.101179
4.318673
3.498097
0.686144
32.788181
8.591552
41.748055
20.837393
69.694572
76.538208
40.39352
41.830505
47.121098
4.007805
4.234884
4.091126
5.739659
15.875043
8.256583
1.265999
18.505947
40.118816
7.079667
4.123948
4.950447
3.854487
3.486135
54.001755
3.236708
70.559967
20.927141
7.169928
4.307857
35.983952
51.889568
76.675194
39.831898
21.274969
16.14971
88.079216
27.113693
4.032616
51.952957
21.271784
24.52597
15.550634
43.164631
35.112011
39.770428
6.858998
3.814869
2.009554
9.931263
33.868374
77.045021
16.746588
20.724804
70.258026
40.007694
40.024895
34.374702
5.945055
6.004277
77.121902
76.773689
18.2416
35.776077
77.153831
34.538532
69.354492
4.801573
42.186272
24.605124
39.134533
79.562523
42.176743
16.937361
67.25415
31.947479
20.641079
33.106552
40.37257
23.725031
3.221235
34.516705
80.126541
39.691299
39.698753
2.690663
9.782407
20.71921
12.832947
72.970802
20.170652
38.796551
73.233391
39.769245
25.448542
19.202944
49.616352
31.80839
4.166505
87.724541
11.666356
2.04889
54.452343
80.327744
25.755951
38.531666
18.016739
60.244198
29.944798
44.692951
88.535614
82.191864
10.484175
5.673628
34.465336
34.495342
4.835261
77.021378
83.213249
83.227493
83.029022
3.818447
84.127373
8.977909
3.260161
12.994617
4.650868
37.358818
47.30798
47.950779
24.324373
28.727587
28.749931
82.260574
81.611748
82.593086
73.965263
47.402611
4.542455
47.668987
45.971024
75.113731
74.729759
23.588352
79.725624
46.419033
30.165724
64.877762
29.139286
36.634113
20.911848
7.853313
77.240524
30.699722
63.707043
77.262924
47.317062
21.643038
4.778599
77.255646
6.362102
73.122734
1.82409
39.673378
21.478189
22.156963
41.967705
85.798409
85.798058
28.021772
28.457018
39.426048
34.658356
85.802094
64.904739
42.244576
15.493
6.905913
74.24498
21.379173
32.138294
40.582748
78.447388
28.385576
64.374138
74.875992
64.711418
46.344692
22.237621
46.33567
22.231735
7.926927
75.247391
64.47728
64.492081
58.470127
85.336929
66.313934
22.272755
7.423985
35.800934
35.801582
50.937416
29.503075
45.266491
71.599098
48.462074
76.012436
14.906433
14.907731
20.737625
46.88533
27.006912
6.51421
22.65892
27.787928
22.670252
11.066418
74.676781
82.020988
27.764875
86.093185
67.656509
83.63282
85.914383
73.437248
7.209962
39.477119
40.292149
46.621758
18.185476
29.108479
36.365822
79.460815
36.380203
13.659991
67.702843
67.406593
17.880451
46.025063
21.166403
27.565125
27.375751
84.410133
78.163223
84.375587
17.501678
26.802792
36.034515
7.548376
53.888359
36.489788
11.225798
68.772346
78.653526
29.720243
47.856464
45.708912
46.09798
18.829576
81.261108
6.16755
24.984549
63.702507
78.322495
79.048698
79.034386
79.037674
77.143684
5.631914
36.098286
8.063246
78.988091
79.05452
45.671707
85.955513
8.116375
46.866867
59.71917
44.378933
77.723373
77.723831
24.329042
18.195887
19.631207
6.414602
79.035774
29.841034
29.839529
17.664677
36.472393
19.316353
19.318893
56.521442
40.014477
40.023754
19.299061
24.775141
45.383671
50.873962
56.901608
56.875076
80.313263
63.919861
28.382742
73.71508
43.315315
11.26889
45.948914
45.951889
45
28.61046
56.430599
24.781771
40.756989
44.732265
28.746067
50.165241
40.127937
43.735001
15.00492
89.526489
89.475906
66.977074
23.516439
4.430732
9.609738
36.076012
86.051926
15.074515
52.052307
31.863935
31.878519
5.62578
56.848675
79.517052
9.66171
42.006111
54.191704
40.07391
40.489208
39.559669
6.5862
9.772291
38.000942
39.709919
53.864624
19.87957
28.01425
44.643391
50.406948
63.574017
19.610083
12.198168
60.286293
53.966087
46.619759
5.572198
35.896656
39.610687
29.115162
68.857132
43.412251
42.819336
48.283863
70.841858
37.432415
42.906246
36.609211
80.439903
62.567471
79.310898
29.491968
37.495041
84.752861
64.649788
76.43943
74.12365
41.655758
2.436648
8.352794
81.022987
75.96376
67.244865
43.664959
43.680298
67.259766
72.474434
2.419778
26.995838
28.380568
42.709389
42.780529
35.641174
35.628319
19.876871
42.334541
42.698578
48.790813
42.093735
70.44017
69.575798
23.154106
10.534665
2.505093
23.818649
76.504265
76.429565
74.003372
54.304771
23.971409
68.584801
66.074181
42.125114
86.35656
86.370285
86.354149
78.804886
30.527769
10.162859
42.184555
42.252789
50.007565
25.471134
56.309933
67.645218
11.933304
11.923556
11.935806
35.953243
26.673567
68.922501
24.65246
43.027252
61.676582
42.724136
66.955254
66.960831
74.227127
67.746712
26.442362
26.445097
40.093113
63.887573
56.879314
56.812801
54.483013
10.110804
44.160999
42.924091
40.022083
74.614815
85.962639
86.156548
17.978624
27.865772
76.696571
68.254112
42.029743
86.13121
86.973969
86.95697
18.138083
39.95755
70.25116
85.959129
24.946363
23.790773
18.094053
53.1301
75.905411
75.789757
68.049911
54.38802
9.954942
86.305832
87.863701
19.272991
41.392651
86.134399
82.375809
75.870148
81.018814
19.912661
25.424215
48.887909
69.302307
67.920792
48.821774
42.634781
36.8699
37.699383
75.262566
79.075417
77.509598
5.673022
24.747215
52.575592
0.753848
14.991843
29.833712
69.231644
10.121235
46.332218
16.624786
29.90608
69.156471
68.332512
3.073333
16.55036
16.563477
78.667305
46.748947
28.568575
24.982948
25.071033
38.338238
42.159649
26.312649
58.056923
24.85902
24.971889
5.285048
36.810707
62.774509
21.22695
25.355507
41.582485
83.632469
28.745798
25.049221
88.047958
61.561455
28.751715
88.118103
67.750977
60.759869
80.443474
40.610146
69.396187
80.424911
80.358086
25.004948
23.198591
12.994617
74.945686
27.141281
25.079817
11.101171
39.351753
13.570434
25.733587
31.0259
68.136681
37.258942
87.039062
15.776898
39.321339
24.855322
41.128464
37.266403
55.699905
29.315306
25.316048
21.34753
8.746162
80.145279
64.977623
64.281807
57.15765
55.640835
57.088139
49.249107
8.905212
29.875994
24.665888
57.022278
22.799644
27.965076
1.35586
8.359974
68.361313
55.817902
26.250242
37.558353
8.448933
65.049179
83.904137
62.06601
35.571964
56.885635
25.286741
25.854321
21.22051
21.22113
16.858398
8.616162
85.775597
76.405167
24.99622
24.669851
29.338989
15.667079
1.424187
59.468498
59.998238
23.959366
8.563532
45.295216
74.787415
15.688732
2.510654
16.025867
81.056313
78.63517
3.992925
16.879498
75.594597
79.970413
24.607311
45.322971
45.306713
14.667825
15.652619
32.046673
75.592468
64.405006
64.316437
25.558458
45.23386
70.106743
73.631325
45.914825
85.351372
25.387905
10.589984
15.868964
1.052869
16.467665
17.02564
16.451977
38.59623
16.133873
17.034895
27.149681
16.490719
45.429756
44.867764
64.068779
69.992386
6.878893
16.460665
35.460907
16.020292
15.88045
56.488075
41.393894
15.475632
81.384354
25.354397
15.315795
15.867931
16.247683
32.377068
60.348873
3.744611
89.515823
15.794963
22.740507
22.230507
70.328506
25.373718
45
16.862782
31.102837
57.8438
8.758678
40.22168
16.087236
82.549751
10.543884
70.41301
57.799244
74.63533
75.808907
22.845512
21.54579
85.971733
16.511585
89.114883
88.979568
55.09964
25.590727
25.589586
6.231076
42.574806
45.129044
70.466965
24.769045
42.80793
5.262395
55.853115
50.569324
25.317144
6.231746
34.670319
43.029308
9.36651
31.58264
69.196251
49.171398
6.665581
6.729581
19.83213
49.150368
15.295046
8.070232
59.177216
28.534662
6.878662
23.416031
1.985459
56.75219
81.422928
68.198593
68.359276
75.068581
6.779568
58.760784
59.092171
62.531303
35.759518
74.409332
84.981232
32.002083
56.835346
5.85855
55.244087
32.005383
15.759522
32.013824
31.976376
49.576229
13.24052
32.018368
33.01226
34.01561
2.636218
49.525402
22.690704
58.995853
29.054604
87.736
87.765221
8.925986
8.923915
12.582962
41.496468
58.95451
11.701632
11.707199
36.899944
28.374981
50.999538
58.254711
44.770359
86.699799
29.096237
50.967823
80.21759
80.759346
28.81815
29.076912
29.102602
29.385599
43.667782
84.345581
84.341705
74.919212
5.565564
15.300846
22.172579
34.922047
34.906551
74.237114
29.659109
4.934164
4.763642
88.851364
86.684303
86.633537
69.149406
38.071732
50.873962
34.215702
23.296951
30.170074
15.427306
57.044151
34.662815
83.870392
73.838951
29.536345
10.842299
31.361353
83.854889
83.445816
58.003017
49.544868
49.530922
52.980114
22.054258
22.009642
70.977425
71.565048
88.575027
30.76932
10.591528
88.573845
2.017716
74.2556
3.473479
9.229886
17.152422
11.337895
68.150497
9.5424
42.878902
27.958559
25.463345
0.34936
29.765759
29.353228
10.73083
31.403006
15.524111
11.604762
88.70977
44.437683
19.093493
72.693268
72.706917
31.484388
67.154823
8.392925
28.55031
62.175903
10.022068
41.193367
34.958569
77.141907
82.974892
56.844711
21.327576
15.66816
44.829647
34.554981
56.745483
9.766537
56.976276
56.65324
67.985229
8.786904
32.455677
34.463634
29.870647
56.636833
57.207855
68.789574
30.934132
31.224627
56.614956
46.622322
9.246113
56.729603
86.824928
61.532135
30.908745
5.001138
24.846693
2.456222
68.396103
62.185863
15.255119
15.554571
56.575726
8.247329
22.947172
50.225075
33.450737
33.915108
30.802071
33.351444
17.612577
26.49197
14.737168
33.414875
82.506355
72.313972
29.777245
51.278954
88.724136
88.712395
62.38987
62.18742
62.384907
62.392426
62.392868
44.257549
44.262882
18.824711
18.763796
16.39666
16.752546
88.753067
55.865246
29.724512
33.259686
80.403465
62.871864
82.366669
81.624496
20.872505
35.797401
62.816936
62.824242
77.873642
16.583828
82.069145
23.90766
26.347404
61.801861
16.722969
81.00621
23.899786
62.159168
29.906288
50.346474
3.358073
25.439882
27.670027
81.68943
37.89452
25.45624
43.554462
28.560492
50.314545
50.347034
32.922333
32.876263
28.420296
7.997473
81.549301
71.277138
68.895164
4.3452
2.514499
61.395813
50.412804
8.547953
26.863853
26.678835
23.991396
72.374924
72.131294
62.064526
50.684479
5.765058
81.359795
81.397614
88.912239
72.456184
16.009869
72.097168
29.684549
66.779106
44.887875
4.381232
57.282574
77.999786
77.95211
74.783691
18.860931
57.279087
74.785088
59.441807
42.905628
4.686223
4.332204
4.90854
21.476791
5.005833
5.63348
83.224342
17.738214
2.009554
15.542239
43.7379
61.329315
56.818676
28.031168
6.888258
34.763416
71.865814
31.147804
38.181786
38.027229
43.783134
5.844566
86.513603
3.283862
20.872997
6.173427
4.591625
34.760891
71.034554
43.724506
43.741489
4.438517
3.710577
5.801895
56.030441
28.694904
21.463514
14.569113
19.703529
5.999694
57.21851
19.746691
9.782407
57.580208
57.694832
42.922153
5.123166
18.64954
32.718388
24.810123
54.082573
27.856165
89.748154
10.093521
82.468704
28.386343
28.355257
30.359568
28.76478
21.096739
40.808571
50.214279
3.61568
28.838627
28.959209
28.833408
85.282021
61.161373
43.809284
28.255369
30.915445
25.803329
58.141506
40.78582
35.58633
88.558899
28.081987
42.921341
28.522369
56.897209
54.215477
2.489553
89.150665
27.868414
76.834885
19.220446
30.445332
11.218842
78.46228
56.811367
34.536743
30.256437
9.176203
27.859652
24.259085
30.319702
77.370544
59.538361
23.310934
85.678169
59.221497
43.012669
29.677031
7.539445
72.834824
30.761108
30.119228
3.270488
59.382812
53.592335
13.443447
29.575956
27.661831
13.546548
19.185974
39.427803
27.59705
10.364054
30.43338
45
6.85976
11.534621
18.226601
27.605373
27.6077
30.667145
20.74608
22.183367
26.707224
76.150635
25.950157
48.043282
43.855442
41.600285
28.74342
85.952797
32.297436
31.778721
29.307165
27.820223
43.68811
57.448551
23.912317
23.005156
32.349674
32.350704
32.405052
34.610226
37.640507
30.931585
79.265625
22.074102
31.179661
30.381475
30.25132
35.537678
8.290466
36.334751
69.524841
45.479164
30.606407
55.96452
22.0406
56.849018
31.418474
47.870518
20.623531
0.269625
59.30069
5.155584
56.22374
40.701359
40.197495
59.972198
73.463821
68.167679
22.537746
51.026829
7.202495
59.083057
59.96983
21.850515
73.549995
59.120998
47.845753
8.130102
73.556404
59.088688
59.179634
59.174828
25.98667
13.157543
84.699074
59.050014
2.072803
21.744286
22.184488
40.469048
59.219055
72.523651
71.930344
71.041817
60.245613
55.636959
48.170891
43.700508
23.749495
23.737377
46.885822
74.671448
38.806828
41.235966
55.519695
66.176826
28.491707
5.500411
26.02792
26.027414
37.573254
36.807484
46.894234
26.871443
56.245483
32.841633
31.988495
72.91407
72.913055
22.256128
29.121201
20.875919
72.889275
40.384811
26.754772
26.721062
69.990303
20.06418
47.55481
32.773064
43.543148
26.834044
4.011578
79.854454
24.621656
55.115108
9.272602
9.710252
76.300346
83.852219
71.045769
25.957825
15.346209
25.473835
76.618217
45.541786
49.247589
24.623545
29.076712
78.507309
71.28141
36.565136
32.360939
38.647079
24.71184
59.255241
25.014027
20.200674
46.809956
41.125935
75.534515
53.010197
2.072803
46.852859
72.334267
46.871746
46.881668
42.542965
40.697208
46.74781
42.510448
89.662971
44.009228
49.13467
6.310386
18.795296
81.99527
87.549149
25.320089
19.224997
52.470615
41.009087
23.159008
25.30798
25.034386
87.284447
17.163366
74.330566
17.622297
44.149136
53.054413
49.267895
89.623558
50.882446
24.127665
53.905556
41.358521
26.108381
24.12763
14.474324
26.526905
28.779806
72.577728
42.629234
41.359661
19.077091
14.467181
36.623001
46.117046
72.614479
89.849419
53.599606
67.070808
16.032339
53.372112
74.68718
22.235899
88.400398
0.396962
46.16914
35.986023
36.334476
25.459917
33.7742
52.587601
88.23761
58.316032
88.568619
18.363892
15.982374
4.797753
58.313633
58.309002
88.528984
34.700272
42.142197
9.500553
8.920701
15.887942
82.266403
58.288654
57.571651
43.961716
46.051876
17.297375
59.248535
27.526905
27.623804
55.229008
44.149662
41.842449
35.387886
36.343426
58.220016
2.599092
8.977735
32.951649
52.34898
36.340137
36.255966
17.288189
31.739141
72.158226
24.930504
29.484406
33.0182
57.677864
17.445108
17.465021
2.07315
38.107578
38.546528
45.135132
71.796082
35.569832
58.284126
3.620491
16.002493
38.97477
38.982025
34.594547
34.595909
55.792019
42.225723
41.459267
38.491043
56.351662
23.749983
28.063105
56.337116
23.740604
26.107567
4.848958
72.79805
65.405457
19.318558
32.013702
31.983107
26.035774
26.032568
26.937096
23.727648
15.704684
33.462997
44.598534
3.612364
3.567503
23.561031
15.677327
33.522903
40.18811
52.687378
52.674297
72.854797
24.074907
21.230612
36.384354
11.162945
89.776482
81.686844
27.015419
8.545801
29.679197
45.47438
41.292099
36.740562
23.176245
57.598625
25.758121
72.588379
26.082718
55.399239
25.185488
72.579239
82.328255
22.746523
3.058698
19.553192
2.695792
15.564114
14.333238
14.335207
51.143215
39.123512
43.315315
62.354027
7.765166
23.256838
26.299486
19.58588
52.250755
52.252079
52.256458
24.902206
2.672265
89.321976
65.468697
56.042198
44.549789
8.577859
89.554703
66.449646
70.66214
44.541645
66.227654
24.784111
79.841415
69.754036
25.86838
25.771723
6.203448
45.776642
79.834305
22.99896
24.671085
51.352726
41.253838
8.589126
56.051456
58.366386
27.989697
52.719952
21.984535
22.977535
7.626047
39.388397
52.97541
18.143122
16.97859
28.886581
69.985283
71.659286
57.420734
22.479433
39.173656
45.339695
61.594944
23.218039
13.81708
67.293633
24.841066
59.673969
44.01992
17.472086
56.799263
41.805653
54.246113
24.709541
33.587128
46.776855
46.771748
42.143795
17.317537
79.969788
23.801682
28.710575
42.583447
68.942429
39.155434
48.708427
14.697319
64.254639
16.688667
16.717478
54.67627
53.056835
60.980919
73.256218
44.843597
30.566271
56.766029
6.89025
59.720585
43.873299
40.089024
24.28146
8.315895
29.515148
37.887924
49.168705
37.209007
40.409458
43.068241
40.515392
85.741158
67.449127
44.354939
68.440781
25.349669
44.138878
35.679226
22.705849
73.68615
35.662258
18.179062
33.24781
44.220512
62.628017
55.230545
42.032681
85.710846
70.504143
39.140026
51.985611
6.156024
22.509823
22.50708
18.10848
21.864304
46.728947
56.462429
22.864508
0.934088
17.72176
78.067131
56.001202
0.649584
53.100826
53.120808
33.786121
27.913773
11.337895
36.283482
29.375301
23.228561
34.241432
50.273895
80.204689
56.338398
58.011288
57.427658
56.417389
59.470295
24.703756
23.550465
4.332314
56.406658
5.669182
41.633537
45.50703
40.940655
34.565208
38.602955
26.613752
40.944546
40.915199
9.833564
30.089685
30.184189
7.796182
0.877355
42.72591
40.536594
25.769327
25.768215
40.917274
50.194427
54.673931
26.599298
6.130806
36.325592
21.956402
3.567069
36.3009
62.037769
29.570496
36.25288
42.631203
52.517895
44.164093
45.514618
36.232357
42.244576
42.144985
45.629601
73.440933
16.269648
24.733072
50.520924
45.657398
19.887691
42.315258
64.798874
36.282722
29.134705
21.668985
21.61062
9.694786
25.442797
55.846745
35.964584
44.785946
22.109447
35.749786
56.954811
52.724503
52.794331
30.157526
47.422607
19.843578
19.663155
44.924709
25.52779
35.562996
29.124956
29.298025
70.748383
29.130434
41.134541
19.527357
69.734306
33.851749
19.45336
52.859444
40.113396
53.191265
56.012405
47.4384
35.263371
70.788361
37.395485
35.122166
37.410408
33.211346
50.64283
38.85181
18.160589
55.208996
55.211262
0.811083
25.707493
17.900541
21.786045
21.055534
13.691658
73.425117
21.319698
21.317446
22.362371
46.826202
33.633751
35.443104
16.663557
49.515995
45.303955
24.556564
35.688412
42.165272
42.205013
16.686329
47.852238
34.94566
25.279573
42.099495
17.272429
34.527023
34.529442
37.978062
17.227488
21.630886
21.506824
30.600704
48.42387
48.399117
42.549149
42.543007
58.544731
12.964509
41.347778
40.391788
40.997341
31.069958
44.427696
44.874901
33.603001
5.248349
43.527424
37.618095
43.160297
44.747597
77.499809
43.43895
33.581554
33.57362
39.364437
42.013802
37.389687
37.508129
69.325577
5.363399
40.690002
40.872356
56.59478
40.794643
59.899666
24.43181
37.412029
37.363758
50.304493
15.836192
36.998798
20.68408
33.409111
55.992508
24.081175
34.816582
34.816174
41.112091
45.565029
45.30315
18.593536
22.515751
40.207066
40.215378
40.167843
28.421949
55.223888
45
7.457055
40.361824
68.906624
63.694496
43.705399
38.386539
17.553545
66.995796
23.379814
39.495129
31.227251
16.578791
60.952396
30.053473
1.01189
6.783551
0.988408
6.199784
1.075851
0.087205
1.102437
19.698622
35.248348
35.18808
39.878212
39.889584
43.68811
52.275005
48.661938
88.225601
46.432095
39.906925
41.881519
55.836704
20.519318
7.380636
18.184994
21.890886
52.117489
54.618286
18.221161
87.336998
80.298073
80.258408
21.26545
36.764381
36.806442
21.201551
28.486341
16.539015
41.824265
60.454063
74.824387
47.688709
0.294956
80.677803
44.873241
69.188881
5.383283
55.234081
69.195854
43.117149
24.668533
68.749496
27.076607
55.62273
8.305676
37.138161
53.795643
48.137836
65.436234
33.886086
38.648785
49.59201
5.838175
65.438957
33.758522
28.975313
45.063732
24.256754
24.292101
38.749985
49.587799
10.669783
71.683678
32.800892
29.633083
80.980675
65.106651
45.328156
18.815573
39.992912
44.401112
10.744997
70.407715
85.925987
45.418732
52.483295
7.196962
1.585637
49.621944
28.499517
64.442795
56.558952
46.234634
24.916473
41.604233
48.771103
38.119884
45.393635
15.353396
43.502411
56.92485
44.126862
79.517563
32.460041
38.22784
1.974934
66.354836
19.415464
79.481369
45.389763
2.166525
34.025242
55.60743
55.607727
25.73842
43.850182
1.125755
45.378338
19.752422
5.575789
8.027238
8.202724
68.513794
48.599777
43.38055
27.574564
82.006477
49.429211
25.521124
13.412358
61.035381
64.356026
45.26355
9.041978
9.737686
60.333652
56.627415
56.626778
45.362106
2.461425
60.815044
86.164223
47.24472
62.095314
86.576126
49.813553
49.822224
25.521124
11.366133
51.67894
26.688631
1.700124
11.316222
5.694197
1.237297
11.35804
45.93409
47.456223
1.731958
60.619911
62.308491
45.448112
40.410847
35.26955
56.988194
80.670464
1.565782
27.196192
27.096268
1.584233
28.467533
74.488937
16.056076
58.168194
50.459473
80.120155
14.102202
40.732105
44.614807
25.404213
14.88153
20.158451
15.7007
87.270271
74.588608
3.263331
51.259037
7.575807
30.480207
25.475777
15.574675
17.644106
30.113733
34.757084
25.436216
37.393879
1.863786
5.130204
55.355766
18.43495
66.131668
55.190414
46.837738
19.014124
7.320815
7.525597
55.344501
30.549002
84.192635
42.83149
29.676428
84.125023
14.30848
50.167213
27.670507
27.668732
2.831677
67.037704
49.854027
55.250404
18.893692
41.113995
3.919922
81.353065
22.898462
31.381966
7.660065
25.595619
44.728458
74.584839
22.844854
49.806541
42.202312
9.839916
15.672821
31.039097
76.337204
8.905317
22.597134
53.679089
28.887011
25.376253
8.891596
28.886581
15.103141
7.696052
7.291395
45.196552
1.15693
83.769676
81.296959
18.873981
28.231159
31.600349
49.904785
8.259438
4.606686
0.402069
0.684096
19.918285
19.918125
43.90041
36.04258
34.686417
30.421852
7.875932
25.415562
25.408373
25.44898
6.308942
6.896084
5.03819
13.048861
52.385147
40.893501
26.966795
41.26622
1.072829
17.542833
51.11377
41.530293
49.27813
41.558521
1.231977
61.154331
89.01355
35.537678
28.357075
61.176922
88.600922
0.890536
51.197685
11.099905
41.463562
43.113029
41.808876
52.86829
27.918728
13.344451
4.092723
23.829973
41.879639
4.585586
26.104855
87.779755
18.387123
7.166575
51.479778
7.62815
56.110367
35.145611
28.183542
4.377278
88.340836
10.94534
19.023359
19.026638
2.991831
45.830315
45.745651
4.564353
6.674469
20.605211
88.48259
19.90708
19.904783
27.697956
25.641006
34.962292
24.871315
17.618216
33.364189
62.055809
4.755912
35.04266
55.2453
46.118687
28.783632
17.504974
16.913883
18.132484
38.061108
34.997616
24.25392
46.130299
13.942367
18.793814
18.021303
60.851929
18.170527
41.617661
24.381361
16.967255
4.490452
13.810077
8.078345
6.196413
0.172059
4.534413
48.958794
17.428732
34.655525
7.624193
17.845627
34.278904
34.280521
34.275345
18.836861
3.781006
38.659809
48.964695
7.5252
17.827019
18.046017
28.239889
17.549002
17.841671
17.857679
61.222775
88.742683
46.212685
18.309837
17.791388
4.362656
17.845911
17.778013
47.769012
54.795525
35.790295
17.518253
7.075698
29.70266
29.702787
48.52309
35.823372
18.045303
70.214897
88.181694
70.942291
54.794552
18.980606
27.203419
45.855099
35.816235
17.543953
8.06779
48.853481
69.243523
0.219523
60.227619
65.206001
3.164236
3.172391
6.220486
61.218369
6.861653
7.014997
30.207611
37.209114
41.081753
61.248684
57.664516
9.293309
7.087964
52.750034
54.336151
87.289795
89.554764
61.277992
9.310879
55.340919
51.293949
19.893072
19.850208
42.295124
42.291443
82.213646
7.990882
8.785219
6.191463
52.920441
48.241524
21.74666
34.854458
36.914303
51.29826
60.730591
19.740305
11.870265
25.685047
7.874889
8.99586
31.137766
7.438273
53.917606
61.086304
37.424313
55.875881
53.774437
5.256965
10.031105
65.435738
31.554415
12.854117
6.362102
81.518394
48.043991
61.345016
18.798342
31.865978
49.734085
24.038486
61.349922
64.109451
8.833979
7.222937
11.981206
5.298565
7.483297
33.764915
59.981632
7.976082
11.9083
41.075565
54.723499
53.712921
53.104519
7.068966
7.19193
11.393615
24.401827
89.177567
53.72438
2.650045
8.698733
22.039051
42.472267
42.172874
38.320114
89.123779
86.153381
86.153893
80.705284
53.697643
18.755033
6.997731
33.932846
42.205078
7.487388
88.994911
36.108768
52.3325
52.323833
54.683983
35.898418
89.258568
89.246017
61.128979
17.592424
13.08904
42.685524
46.663727
59.30217
3.557327
6.814977
71.886932
4.788998
53.500298
79.550819
8.42617
9.474526
19.432743
61.173153
8.130102
7.84993
32.888649
18.01977
12.54217
60.938084
60.795944
79.660446
8.371735
7.892626
6.584969
66.128059
74.668228
7.565387
53.972626
59.024174
23.726263
7.125016
54.402626
76.849052
8.322909
8.33437
12.723784
60.492428
53.775055
13.726098
52.077682
55.779613
59.367573
17.290972
11.479346
7.062958
17.309656
18.606878
25.633739
50.236198
63.917732
18.632095
7.293676
12.128888
63.902023
18.633583
12.159449
17.290033
17.329353
51.350716
7.769945
12.068611
12.092104
17.849148
1.111419
19.545942
12.022366
7.123207
58.447567
54.00222
7.815294
7.810055
54.13715
6.798548
1.72942
45
8.536536
10.490917
55.259956
63.708714
11.48568
70.571091
8.097571
7.741996
47.961773
8.362471
11.438344
11.813145
17.329632
17.333467
20.43778
8.03696
50.6642
7.729439
11.333424
35.644505
35.642185
60.371899
63.395786
78.486168
14.808377
3.057091
7.940904
7.797412
74.005981
17.409372
41.72274
84.852112
84.939445
7.932758
12.326665
60.875042
60.329334
7.693057
7.49646
7.64763
11.286029
60.333569
58.689434
7.515364
7.521899
7.53394
10.451844
51.989704
55.938267
7.817339
2.922775
2.916734
24.194181
46.934536
11.729238
62.455627
31.831453
8.16037
18.899815
60.284897
30.100428
50.307701
28.645254
7.891311
10.254719
56.161835
74.906326
9.405312
7.540351
7.467381
11.299779
50.552425
39.252331
60.668159
7.572681
8.011924
7.460999
11.37257
27.637547
19.469055
45.617081
48.523739
88.866241
7.548223
7.821845
7.062025
7.372088
50.679615
8.207129
88.903587
71.733322
18.456272
6.590747
7.505059
7.475897
19.44425
50.58865
49.398705
27.326181
9.524637
9.786066
33.18198
85.012276
58.61071
23.760166
17.50135
9.120734
7.523245
10.645663
44.289169
50.653912
63.240067
7.436525
7.678993
7.206908
10.483516
44.277405
38.97113
41.061695
47.987167
89.028976
9.659893
10.671291
32.878986
14.064622
23.739759
24.631889
33.139256
32.883724
43.589592
7.900789
9.83615
82.380501
39.106773
11.708428
1.545375
7.722592
11.008202
7.436331
8.966547
8.049062
10.944606
48.765408
12.572445
25.960546
8.974952
86.43222
55.085476
7.936418
50.57983
36.195389
17.097795
24.427477
14.727446
6.377845
8.264042
4.312168
6.294701
16.273474
7.157249
42.352032
9.101311
8.269962
36.286293
21.085251
37.223991
10.975655
87.703995
54.177273
11.720471
18.510246
29.986271
9.411632
7.17045
18.483015
18.491114
70.678192
46.221931
71.272087
9.66171
29.209421
49.995045
11.249202
11.111066
6.526176
88.745544
82.039284
77.290611
31.638615
8.735817
8.606128
9.180448
21.139933
32.699463
5.979533
10.784298
9.374148
21.703049
10.920572
10.359052
54.439266
39.472462
9.197236
59.000854
20.951824
27.857729
27.852673
9.371504
19.600691
88.41983
10.491477
48.17025
9.08782
8.539401
8.893233
21.137354
7.884532
48.171715
10.459909
6.775656
77.481796
12.351559
27.122808
15.376251
9.000897
9.225097
53.692356
10.428528
28.493893
14.335435
10.45228
9.151918
10.063455
37.84528
51.192318
8.998681
8.59715
10.231676
9.086634
9.092942
9.089279
9.053007
8.90046
9.786125
9.788221
9.08185
58.655861
8.429957
9.094693
9.042068
9.098729
9.37066
9.21211
9.09585
10.736994
18.687351
49.320679
75.650665
63.920494
45.564472
44.568401
6.093904
8.633669
12.799008
53.1301
12.837955
13.933681
9.005351
9.238933
9.209813
65.684578
9.301564
9.557091
9.238977
9.157904
52.305759
20.86743
16.50436
8.939771
9.581052
9.569084
11.006554
49.337719
86.4021
71.082848
48.104527
49.622372
1.083845
7.970082
9.548497
8.473579
49.321442
85.792221
9.693004
3.224523
8.850189
11.813859
89.454346
16.723356
48.788891
9.015669
10.721969
62.996555
15.202409
29.206505
41.127647
7.397027
62.663334
20.272686
8.937333
49.348515
26.978092
8.215067
88.994911
85.384926
62.38903
17.623226
71.213547
85.627472
4.346124
18.490845
86.496468
81.652138
62.222988
10.524619
10.150886
10.103037
61.838696
61.854572
10.54882
45.974167
26.893822
54.261414
1.157333
8.176197
10.220478
12.087831
86.872932
54.961712
1.382733
8.206983
88.830864
52.064735
7.842136
86.790512
9.257232
7.965417
11.309932
54.924889
40.428879
83.538612
40.471874
46.829464
79.739838
80.297142
9.791276
17.476112
42.575245
8.466861
9.056557
66.569725
7.667481
28.185299
9.6398
7.48796
9.108982
58.293644
79.367355
66.560066
54.622047
13.998046
13.989407
26.945263
14.118061
9.603575
47.111015
9.046299
82.102257
8.310265
47.598194
8.266268
46.509327
49.674164
48.026031
82.722107
82.724518
86.385406
48.027939
28.463663
9.130882
8.195723
10.344857
82.595123
87.465836
85.065834
16.116213
2.021365
15.255119
14.036243
8.540159
86.368134
80.669945
2.024885
8.798293
8.070232
0.607353
15.953741
6.562699
9.698662
14.893473
10.844972
10.602108
25.089375
60.370583
66.667274
15.099919
7.864025
23.062864
10.413825
7.785364
9.611328
9.390837
25.104568
7.67666
88.626732
81.212242
10.370742
1.955097
2.300776
16.248049
8.675074
71.356956
81.638092
67.67588
71.782906
2.34277
5.946863
9.606871
85.80851
81.75399
71.81543
71.751381
2.326596
8.786028
7.087437
79.106705
82.409859
60.244446
6.49194
21.597963
21.60416
71.334839
39.207203
11.619427
74.259888
51.750538
7.78749
2.235024
48.710232
15.677327
60.177727
61.372818
27.548166
10.197238
23.925041
8.074583
80.550148
60.966831
15.989513
6.851126
10.612832
7.621889
81.790039
89.061905
8.092178
7.270869
65.172112
4.713725
80.571465
79.28688
55.678947
22.562098
27.411869
27.908571
7.236509
7.351076
72.53109
54.18008
8.726567
8.629566
67.520569
67.521492
58.768089
7.997473
45.348961
7.264237
21.825529
8.41684
9.025073
7.84282
36.573032
52.458698
1.095959
9.110408
11.848266
31.511587
45.373085
45.374725
18.899385
8.390079
8.336666
9.712287
9.704175
61.902317
8.351434
47.23735
76.989792
7.688075
8.296468
47.217224
11.572555
78.636063
5.536198
8.317139
8.285784
12.447132
8.681654
11.607727
2.332704
82.175705
52.301102
8.937701
16.8932
10.065991
49.604961
58.477821
72.721321
8.398078
8.75943
47.09016
64.738342
64.103607
46.212151
29.095297
84.644173
79.238014
83.649513
8.986726
3.188237
8.911106
8.937377
77.158524
68.084404
3.191896
38.407799
18.701027
45.949566
76.474113
53.456844
53.463638
7.300616
8.058836
8.18375
8.43516
42.510448
8.530766
13.574988
15.246538
54.006275
8.168479
88.069412
56.751083
28.823807
28.741859
73.941635
1.52077
21.637941
0.398467
73.938896
22.777372
8.037881
46.918282
24.676863
13.570434
15.282149
0.401599
38.644241
11.271735
8.931821
5.630683
26.622751
7.704818
8.784755
9.130176
78.530472
7.438676
11.452035
84.522629
0.558524
61.380138
8.962428
45.688999
45.476131
12.660623
9.955451
80.504379
43.35297
6.751111
12.076208
73.734467
74.842796
12.094757
58.82523
58.822323
74.136993
74.756836
72.513939
32.386372
64.740608
54.30323
9.404277
32.708153
14.520149
65.192574
28.577812
57.528809
57.888378
63.172985
26.56505
11.133884
7.794322
71.565048
11.119834
10.295206
4.470821
11.092846
39.920391
3.557461
11.119241
60.101097
62.635162
66.366585
2.353297
9.858719
9.55429
77.268738
8.260703
75.184479
89.73748
62.650124
62.622128
3.8872
1.51583
45.493034
10.110804
39.353313
69.94487
62.656109
20.586082
8.762166
17.182159
8.93197
57.315334
75.669937
74.427956
62.481644